#-------------- Creating on pcbutt163 @ 2019-02-04 18:11:18.190955
# INIT TIME STEP TEST ..................................................  
# VDS       : -60.0 	 Current compliance 0.001
# VGS       : -60.0 	 Current compliance 0.001
# NPLC      : 1.0
# DELETE    : 0.0
# pozycja poczatkowa szhuttera: 0 keep open 0 before measurmeents
# :: ----------------------------------- TIME --------------------------------------
# ::     Time 	 IDS 	 IGS 	 VDS 	 VGS 	 XPIN 	 | Shutter | 	 Delta Time	     
# :: -------------------------------------------------------------------------------
#------ comments: init_log
0.2610 -1.300287E-06 -4.571149E-07 -60.0 -60.0 TI0.0 | 0 | 0.2610
0.3880 -1.658743E-06 -2.968840E-07 -60.0 -60.0 
16328 | 0 | 0.1270
0.5130 -1.949739E-06 -1.957234E-07 -60.0 -60.0 
TI0.0 | 0 | 0.1250
0.9460 -2.585782E-06 -9.376598E-08 -60.0 -60.0 
16328 | 0 | 0.4330
1.0700 -2.729206E-06 -8.290790E-08 -60.0 -60.0 
16328 | 0 | 0.1240
1.1960 -2.867518E-06 -7.695476E-08 -60.0 -60.0 
16328 | 0 | 0.1260
1.3210 -2.996360E-06 -7.079206E-08 -60.0 -60.0 
16328 | 0 | 0.1250
1.4470 -3.121603E-06 -6.601282E-08 -60.0 -60.0 
TI0.0 | 0 | 0.1260
1.7490 -3.404761E-06 -5.481930E-08 -60.0 -60.0 
16328 | 0 | 0.3020
1.8740 -3.514328E-06 -5.314235E-08 -60.0 -60.0 
16328 | 0 | 0.1250
1.9990 -3.618661E-06 -4.890814E-08 -60.0 -60.0 
16328 | 0 | 0.1250
2.1260 -3.718218E-06 -4.630890E-08 -60.0 -60.0 
16328 | 0 | 0.1270
2.2510 -3.812032E-06 -4.064929E-08 -60.0 -60.0 
TI0.0 | 0 | 0.1250
2.5560 -3.982648E-06 -1.828943E-09 -60.0 -60.0 
16328 | 0 | 0.3050
2.6790 -3.975860E-06 +5.213366E-09 -60.0 -60.0 
16328 | 0 | 0.1230
2.8050 -3.968320E-06 +6.345164E-09 -60.0 -60.0 
16328 | 0 | 0.1260
2.9310 -3.961989E-06 +4.081565E-09 -60.0 -60.0 
16328 | 0 | 0.1260
3.0570 -3.957090E-06 +3.746218E-09 -60.0 -60.0 
16328 | 0 | 0.1260
3.3620 -3.942302E-06 +5.297198E-09 -60.0 -60.0 
16328 | 0 | 0.3050
3.4860 -3.939404E-06 +5.297198E-09 -60.0 -60.0 
16328 | 0 | 0.1240
3.6110 -3.934168E-06 +2.991678E-09 -60.0 -60.0 
16328 | 0 | 0.1250
3.7370 -3.928681E-06 +5.213365E-09 -60.0 -60.0 
TI0.0 | 0 | 0.1260
4.1700 -3.914938E-06 +3.704295E-09 -60.0 -60.0 
16328 | 0 | 0.4330
4.2930 -3.911628E-06 +4.416903E-09 -60.0 -60.0 
16328 | 0 | 0.1230
4.4190 -3.907268E-06 +5.045683E-09 -60.0 -60.0 
16328 | 0 | 0.1260
4.5440 -3.902993E-06 +4.374988E-09 -60.0 -60.0 
16328 | 0 | 0.1250
4.6710 -3.900817E-06 +4.333067E-09 -60.0 -60.0 
TI0.0 | 0 | 0.1270
4.9760 -3.893147E-06 +5.674462E-09 -60.0 -60.0 
16328 | 0 | 0.3050
5.0990 -3.890007E-06 +3.578547E-09 -60.0 -60.0 
16328 | 0 | 0.1230
5.2250 -3.885606E-06 +3.955811E-09 -60.0 -60.0 
16328 | 0 | 0.1260
5.3510 -3.884185E-06 +3.033594E-09 -60.0 -60.0 
16328 | 0 | 0.1260
5.4770 -3.881457E-06 +3.368946E-09 -60.0 -60.0 
TI0.0 | 0 | 0.1260
5.7830 -3.873120E-06 +5.129529E-09 -60.0 -60.0 
16328 | 0 | 0.3060
5.9060 -3.870984E-06 +4.752255E-09 -60.0 -60.0 
16328 | 0 | 0.1230
6.0310 -3.868596E-06 +5.213363E-09 -60.0 -60.0 
16328 | 0 | 0.1250
6.1570 -3.865452E-06 +4.165402E-09 -60.0 -60.0 
16328 | 0 | 0.1260
6.2830 -3.863066E-06 +4.081561E-09 -60.0 -60.0 
TI0.0 | 0 | 0.1260
6.5890 -3.857574E-06 +4.919935E-09 -60.0 -60.0 
16328 | 0 | 0.3060
6.7110 -3.854435E-06 +6.135568E-09 -60.0 -60.0 
16328 | 0 | 0.1220
6.8370 -3.852881E-06 +4.500738E-09 -60.0 -60.0 
16328 | 0 | 0.1260
6.9630 -3.850409E-06 +4.458832E-09 -60.0 -60.0 
16328 | 0 | 0.1260
7.0890 -3.848400E-06 +3.955805E-09 -60.0 -60.0 
TI0.0 | 0 | 0.1260
7.3790 -3.843499E-06 +3.830050E-09 -60.0 -60.0 
16328 | 0 | 0.2900
7.5010 -3.840314E-06 +5.800224E-09 -60.0 -60.0 
16328 | 0 | 0.1220
7.6270 -3.838136E-06 +6.093650E-09 -60.0 -60.0 
16328 | 0 | 0.1260
7.7540 -3.836875E-06 +5.800223E-09 -60.0 -60.0 
16328 | 0 | 0.1270
7.8790 -3.834276E-06 +5.129526E-09 -60.0 -60.0 
16328 | 0 | 0.1250
8.2010 -3.829166E-06 +4.249247E-09 -60.0 -60.0 
16328 | 0 | 0.3220
8.3250 -3.827826E-06 +4.919930E-09 -60.0 -60.0 
16328 | 0 | 0.1240
8.4500 -3.825854E-06 +5.422960E-09 -60.0 -60.0 
16328 | 0 | 0.1250
8.5760 -3.823762E-06 +4.626509E-09 -60.0 -60.0 
TI0.0 | 0 | 0.1260
8.9950 -3.816804E-06 +3.913885E-09 -60.0 -60.0 
16328 | 0 | 0.4190
9.1170 -3.814588E-06 +4.249245E-09 -60.0 -60.0 
16328 | 0 | 0.1220
9.2430 -3.813328E-06 +6.261327E-09 -60.0 -60.0 
16328 | 0 | 0.1260
9.3670 -3.811990E-06 +3.746208E-09 -60.0 -60.0 
16328 | 0 | 0.1240
9.4920 -3.809474E-06 +3.159355E-09 -60.0 -60.0 
TI0.0 | 0 | 0.1250
9.8000 -3.806959E-06 +3.788132E-09 -60.0 -60.0 
16328 | 0 | 0.3080
9.9220 -3.803482E-06 +4.794176E-09 -60.0 -60.0 
16328 | 0 | 0.1220
10.0470 -3.802518E-06 +4.039650E-09 -60.0 -60.0 
16328 | 0 | 0.1250
10.1730 -3.801179E-06 +5.506786E-09 -60.0 -60.0 
16328 | 0 | 0.1260
10.2990 -3.800004E-06 +3.830047E-09 -60.0 -60.0 
TI0.0 | 0 | 0.1260
10.6070 -3.795649E-06 +5.045685E-09 -60.0 -60.0 
16328 | 0 | 0.3080
10.7290 -3.793889E-06 +4.710344E-09 -60.0 -60.0 
16328 | 0 | 0.1220
10.8580 -3.792421E-06 +4.878009E-09 -60.0 -60.0 
16328 | 0 | 0.1290
10.9790 -3.791162E-06 +4.710341E-09 -60.0 -60.0 
16328 | 0 | 0.1210
11.1070 -3.789572E-06 +4.961861E-09 -60.0 -60.0 
TI0.0 | 0 | 0.1280
11.4130 -3.785424E-06 +4.207320E-09 -60.0 -60.0 
16328 | 0 | 0.3060
11.5340 -3.782532E-06 +5.800224E-09 -60.0 -60.0 
16328 | 0 | 0.1210
11.6590 -3.782700E-06 +4.207322E-09 -60.0 -60.0 
16328 | 0 | 0.1250
11.7850 -3.781654E-06 +5.297195E-09 -60.0 -60.0 
16328 | 0 | 0.1260
11.9100 -3.778807E-06 +5.464873E-09 -60.0 -60.0 
16328 | 0 | 0.1250
12.2180 -3.775240E-06 +5.381044E-09 -60.0 -60.0 
16328 | 0 | 0.3080
12.3380 -3.773569E-06 +4.668421E-09 -60.0 -60.0 
16328 | 0 | 0.1200
12.4640 -3.772562E-06 +4.500751E-09 -60.0 -60.0 
16328 | 0 | 0.1260
12.5900 -3.771471E-06 +5.129529E-09 -60.0 -60.0 
TI0.0 | 0 | 0.1260
13.0110 -3.767364E-06 +5.003772E-09 -60.0 -60.0 
16328 | 0 | 0.4210
13.1300 -3.766066E-06 +4.752259E-09 -60.0 -60.0 
16328 | 0 | 0.1190
13.2560 -3.764473E-06 +4.542676E-09 -60.0 -60.0 
16328 | 0 | 0.1260
13.3820 -3.763088E-06 +5.464874E-09 -60.0 -60.0 
16328 | 0 | 0.1260
13.5080 -3.762421E-06 +4.878009E-09 -60.0 -60.0 
TI0.0 | 0 | 0.1260
13.8180 -3.758902E-06 +3.788140E-09 -60.0 -60.0 
16328 | 0 | 0.3100
13.9370 -3.757978E-06 +4.165400E-09 -60.0 -60.0 
16328 | 0 | 0.1190
14.0630 -3.755632E-06 +4.165402E-09 -60.0 -60.0 
16328 | 0 | 0.1260
14.1880 -3.754876E-06 +5.045683E-09 -60.0 -60.0 
16328 | 0 | 0.1250
14.3140 -3.753872E-06 +4.710341E-09 -60.0 -60.0 
TI0.0 | 0 | 0.1260
14.6230 -3.750858E-06 +5.590621E-09 -60.0 -60.0 
16328 | 0 | 0.3090
14.7420 -3.749263E-06 +4.919935E-09 -60.0 -60.0 
16328 | 0 | 0.1190
14.8680 -3.747963E-06 +5.297200E-09 -60.0 -60.0 
16328 | 0 | 0.1260
14.9940 -3.746163E-06 +5.842139E-09 -60.0 -60.0 
16328 | 0 | 0.1260
15.1190 -3.745703E-06 +4.878012E-09 -60.0 -60.0 
TI0.0 | 0 | 0.1250
15.4290 -3.743064E-06 +5.884057E-09 -60.0 -60.0 
16328 | 0 | 0.3100
15.5480 -3.741764E-06 +5.590627E-09 -60.0 -60.0 
16328 | 0 | 0.1190
15.6740 -3.740548E-06 +5.800219E-09 -60.0 -60.0 
16328 | 0 | 0.1260
15.8000 -3.739458E-06 +5.548709E-09 -60.0 -60.0 
16328 | 0 | 0.1260
15.9260 -3.738664E-06 +4.626508E-09 -60.0 -60.0 
TI0.0 | 0 | 0.1260
16.2360 -3.735310E-06 +4.584582E-09 -60.0 -60.0 
16328 | 0 | 0.3100
16.3540 -3.735019E-06 +5.464875E-09 -60.0 -60.0 
16328 | 0 | 0.1180
16.4800 -3.733340E-06 +5.129517E-09 -60.0 -60.0 
16328 | 0 | 0.1260
16.6070 -3.732168E-06 +5.548713E-09 -60.0 -60.0 
16328 | 0 | 0.1270
16.7330 -3.731247E-06 +5.590630E-09 -60.0 -60.0 
16328 | 0 | 0.1260
17.0410 -3.728146E-06 +4.165400E-09 -60.0 -60.0 
16328 | 0 | 0.3080
17.1590 -3.727014E-06 +4.416901E-09 -60.0 -60.0 
16328 | 0 | 0.1180
17.2860 -3.726553E-06 +6.135577E-09 -60.0 -60.0 
16328 | 0 | 0.1270
17.4120 -3.725506E-06 +4.081561E-09 -60.0 -60.0 
TI0.0 | 0 | 0.1260
17.8490 -3.721443E-06 +4.584583E-09 -60.0 -60.0 
16328 | 0 | 0.4370
17.9670 -3.720269E-06 +3.913891E-09 -60.0 -60.0 
16328 | 0 | 0.1180
18.0920 -3.719136E-06 +5.800224E-09 -60.0 -60.0 
16328 | 0 | 0.1250
18.2180 -3.718677E-06 +4.961852E-09 -60.0 -60.0 
16328 | 0 | 0.1260
18.3440 -3.718089E-06 +3.955805E-09 -60.0 -60.0 
TI0.0 | 0 | 0.1260
18.6380 -3.715954E-06 +4.207320E-09 -60.0 -60.0 
16328 | 0 | 0.2940
18.7560 -3.714237E-06 +5.716375E-09 -60.0 -60.0 
16328 | 0 | 0.1180
18.8820 -3.711806E-06 +4.836095E-09 -60.0 -60.0 
16328 | 0 | 0.1260
19.0080 -3.712059E-06 +5.590630E-09 -60.0 -60.0 
16328 | 0 | 0.1260
19.1340 -3.711468E-06 +3.830053E-09 -60.0 -60.0 
TI0.0 | 0 | 0.1260
19.4450 -3.708705E-06 +5.339123E-09 -60.0 -60.0 
16328 | 0 | 0.3110
19.5650 -3.707489E-06 +3.913875E-09 -60.0 -60.0 
16328 | 0 | 0.1200
19.6880 -3.707362E-06 +4.333073E-09 -60.0 -60.0 
16328 | 0 | 0.1230
19.8150 -3.705770E-06 +5.632554E-09 -60.0 -60.0 
16328 | 0 | 0.1270
19.9400 -3.705059E-06 +5.087615E-09 -60.0 -60.0 
TI0.0 | 0 | 0.1250
20.2500 -3.702461E-06 +5.464871E-09 -60.0 -60.0 
16328 | 0 | 0.3100
20.3680 -3.702087E-06 +4.878015E-09 -60.0 -60.0 
16328 | 0 | 0.1180
20.4930 -3.701205E-06 +4.249230E-09 -60.0 -60.0 
16328 | 0 | 0.1250
20.6190 -3.700743E-06 +4.668426E-09 -60.0 -60.0 
16328 | 0 | 0.1260
20.7450 -3.698812E-06 +3.997735E-09 -60.0 -60.0 
16328 | 0 | 0.1260
21.0570 -3.696427E-06 +4.584583E-09 -60.0 -60.0 
16328 | 0 | 0.3120
21.1740 -3.695297E-06 +5.381031E-09 -60.0 -60.0 
16328 | 0 | 0.1170
21.3000 -3.695674E-06 +5.213361E-09 -60.0 -60.0 
16328 | 0 | 0.1260
21.4260 -3.694331E-06 +6.596672E-09 -60.0 -60.0 
TI0.0 | 0 | 0.1260
21.8710 -3.690393E-06 +5.674469E-09 -60.0 -60.0 
16328 | 0 | 0.4450
21.9970 -3.689179E-06 +4.919936E-09 -60.0 -60.0 
16328 | 0 | 0.1260
22.1230 -3.689177E-06 +4.668421E-09 -60.0 -60.0 
16328 | 0 | 0.1260
22.2490 -3.687293E-06 +5.548721E-09 -60.0 -60.0 
16328 | 0 | 0.1260
22.3750 -3.686538E-06 +4.668420E-09 -60.0 -60.0 
TI0.0 | 0 | 0.1260
22.6700 -3.684904E-06 +4.542659E-09 -60.0 -60.0 
16328 | 0 | 0.2950
22.7870 -3.683858E-06 +5.339123E-09 -60.0 -60.0 
16328 | 0 | 0.1170
22.9130 -3.682057E-06 +5.800215E-09 -60.0 -60.0 
16328 | 0 | 0.1260
23.0390 -3.682307E-06 +6.051735E-09 -60.0 -60.0 
16328 | 0 | 0.1260
23.1650 -3.681300E-06 +5.884062E-09 -60.0 -60.0 
TI0.0 | 0 | 0.1260
23.4780 -3.679208E-06 +5.590634E-09 -60.0 -60.0 
16328 | 0 | 0.3130
23.5930 -3.677698E-06 +5.884060E-09 -60.0 -60.0 
16328 | 0 | 0.1150
23.7230 -3.677949E-06 +4.878020E-09 -60.0 -60.0 
16328 | 0 | 0.1300
23.8460 -3.675687E-06 +5.925986E-09 -60.0 -60.0 
16328 | 0 | 0.1230
23.9720 -3.675396E-06 +3.913884E-09 -60.0 -60.0 
TI0.0 | 0 | 0.1260
24.2840 -3.673674E-06 +4.249238E-09 -60.0 -60.0 
16328 | 0 | 0.3120
24.3990 -3.673045E-06 +5.422962E-09 -60.0 -60.0 
16328 | 0 | 0.1150
24.5260 -3.671706E-06 +4.919935E-09 -60.0 -60.0 
16328 | 0 | 0.1270
24.6510 -3.671411E-06 +4.794174E-09 -60.0 -60.0 
16328 | 0 | 0.1250
24.7770 -3.670157E-06 +4.542661E-09 -60.0 -60.0 
16328 | 0 | 0.1260
25.0900 -3.668396E-06 +4.249246E-09 -60.0 -60.0 
16328 | 0 | 0.3130
25.2110 -3.668143E-06 +4.710338E-09 -60.0 -60.0 
16328 | 0 | 0.1210
25.3300 -3.666260E-06 +5.758315E-09 -60.0 -60.0 
16328 | 0 | 0.1190
25.4560 -3.666386E-06 +4.291156E-09 -60.0 -60.0 
TI0.0 | 0 | 0.1260
25.8810 -3.663075E-06 +3.997727E-09 -60.0 -60.0 
16328 | 0 | 0.4250
25.9960 -3.662235E-06 +4.165394E-09 -60.0 -60.0 
16328 | 0 | 0.1150
26.1220 -3.661525E-06 +4.249229E-09 -60.0 -60.0 
16328 | 0 | 0.1260
26.2480 -3.660352E-06 +3.913888E-09 -60.0 -60.0 
16328 | 0 | 0.1260
26.3730 -3.659596E-06 +5.967901E-09 -60.0 -60.0 
TI0.0 | 0 | 0.1250
26.6850 -3.658173E-06 +4.500741E-09 -60.0 -60.0 
16328 | 0 | 0.3120
26.8000 -3.657753E-06 +5.297200E-09 -60.0 -60.0 
16328 | 0 | 0.1150
26.9260 -3.656582E-06 +4.374985E-09 -60.0 -60.0 
16328 | 0 | 0.1260
27.0520 -3.655952E-06 +5.171448E-09 -60.0 -60.0 
16328 | 0 | 0.1260
27.1780 -3.653690E-06 +4.039641E-09 -60.0 -60.0 
TI0.0 | 0 | 0.1260
27.4920 -3.652849E-06 +5.800221E-09 -60.0 -60.0 
16328 | 0 | 0.3140
27.6070 -3.652390E-06 +5.129517E-09 -60.0 -60.0 
16328 | 0 | 0.1150
27.7330 -3.650211E-06 +6.009816E-09 -60.0 -60.0 
16328 | 0 | 0.1260
27.8590 -3.650924E-06 +4.919936E-09 -60.0 -60.0 
16328 | 0 | 0.1260
27.9850 -3.650585E-06 +5.171446E-09 -60.0 -60.0 
TI0.0 | 0 | 0.1260
28.2980 -3.648118E-06 +5.045689E-09 -60.0 -60.0 
16328 | 0 | 0.3130
28.4130 -3.648115E-06 +4.165400E-09 -60.0 -60.0 
16328 | 0 | 0.1150
28.5380 -3.646693E-06 +5.255282E-09 -60.0 -60.0 
16328 | 0 | 0.1250
28.6640 -3.646358E-06 +5.674468E-09 -60.0 -60.0 
16328 | 0 | 0.1260
28.7900 -3.645310E-06 +4.249235E-09 -60.0 -60.0 
TI0.0 | 0 | 0.1260
29.1050 -3.643004E-06 +4.668423E-09 -60.0 -60.0 
16328 | 0 | 0.3150
29.2190 -3.642419E-06 +5.884056E-09 -60.0 -60.0 
16328 | 0 | 0.1140
29.3450 -3.642461E-06 +3.913888E-09 -60.0 -60.0 
16328 | 0 | 0.1260
29.4710 -3.640449E-06 +5.632542E-09 -60.0 -60.0 
16328 | 0 | 0.1260
29.5970 -3.640783E-06 +4.416910E-09 -60.0 -60.0 
16328 | 0 | 0.1260
29.9110 -3.639108E-06 +5.590642E-09 -60.0 -60.0 
16328 | 0 | 0.3140
30.0260 -3.637850E-06 +6.177490E-09 -60.0 -60.0 
16328 | 0 | 0.1150
30.1510 -3.637099E-06 +5.381031E-09 -60.0 -60.0 
16328 | 0 | 0.1250
30.2780 -3.636593E-06 +5.213359E-09 -60.0 -60.0 
TI0.0 | 0 | 0.1270
30.7030 -3.633662E-06 +5.339118E-09 -60.0 -60.0 
16328 | 0 | 0.4250
30.8170 -3.633324E-06 +5.213361E-09 -60.0 -60.0 
16328 | 0 | 0.1140
30.9430 -3.632821E-06 +5.087601E-09 -60.0 -60.0 
16328 | 0 | 0.1260
31.0700 -3.631945E-06 +4.668427E-09 -60.0 -60.0 
16328 | 0 | 0.1270
31.1970 -3.631148E-06 +5.003768E-09 -60.0 -60.0 
TI0.0 | 0 | 0.1270
31.5110 -3.629972E-06 +4.710341E-09 -60.0 -60.0 
16328 | 0 | 0.3140
31.6390 -3.628299E-06 +3.955804E-09 -60.0 -60.0 
16328 | 0 | 0.1280
31.7670 -3.628715E-06 +4.249240E-09 -60.0 -60.0 
16328 | 0 | 0.1280
31.8920 -3.627418E-06 +3.746208E-09 -60.0 -60.0 
16328 | 0 | 0.1250
32.0190 -3.626498E-06 +5.884063E-09 -60.0 -60.0 
TI0.0 | 0 | 0.1270
32.3290 -3.625278E-06 +5.758307E-09 -60.0 -60.0 
16328 | 0 | 0.3100
32.4460 -3.624233E-06 +3.830050E-09 -60.0 -60.0 
16328 | 0 | 0.1170
32.5710 -3.624109E-06 +6.051731E-09 -60.0 -60.0 
16328 | 0 | 0.1250
32.6970 -3.623270E-06 +3.746214E-09 -60.0 -60.0 
16328 | 0 | 0.1260
32.8240 -3.622180E-06 +3.830053E-09 -60.0 -60.0 
TI0.0 | 0 | 0.1270
33.1230 -3.621805E-06 +5.464873E-09 -60.0 -60.0 
16328 | 0 | 0.2990
33.2500 -3.619708E-06 +4.919929E-09 -60.0 -60.0 
16328 | 0 | 0.1270
33.3770 -3.619205E-06 +4.878012E-09 -60.0 -60.0 
16328 | 0 | 0.1270
33.5030 -3.618867E-06 +4.374992E-09 -60.0 -60.0 
16328 | 0 | 0.1260
33.6290 -3.618241E-06 +4.710341E-09 -60.0 -60.0 
16328 | 0 | 0.1260
33.9300 -3.616525E-06 +4.878010E-09 -60.0 -60.0 
16328 | 0 | 0.3010
34.0570 -3.615138E-06 +5.967895E-09 -60.0 -60.0 
16328 | 0 | 0.1270
34.1830 -3.614469E-06 +4.374995E-09 -60.0 -60.0 
16328 | 0 | 0.1260
34.3090 -3.613424E-06 +4.374995E-09 -60.0 -60.0 
TI0.0 | 0 | 0.1260
34.7390 -3.612167E-06 +4.207315E-09 -60.0 -60.0 
16328 | 0 | 0.4300
34.8660 -3.610616E-06 +4.836097E-09 -60.0 -60.0 
16328 | 0 | 0.1270
34.9920 -3.611160E-06 +5.003765E-09 -60.0 -60.0 
16328 | 0 | 0.1260
35.1170 -3.610407E-06 +5.925977E-09 -60.0 -60.0 
16328 | 0 | 0.1250
35.2430 -3.610154E-06 +6.135572E-09 -60.0 -60.0 
TI0.0 | 0 | 0.1260
35.5460 -3.608563E-06 +5.381040E-09 -60.0 -60.0 
16328 | 0 | 0.3030
35.6710 -3.607809E-06 +5.464879E-09 -60.0 -60.0 
16328 | 0 | 0.1250
35.7970 -3.607096E-06 +5.506801E-09 -60.0 -60.0 
16328 | 0 | 0.1260
35.9230 -3.605506E-06 +4.668421E-09 -60.0 -60.0 
16328 | 0 | 0.1260
36.0500 -3.605125E-06 +4.668418E-09 -60.0 -60.0 
TI0.0 | 0 | 0.1270
36.3340 -3.604582E-06 +4.752255E-09 -60.0 -60.0 
16328 | 0 | 0.2840
36.4620 -3.603453E-06 +4.207318E-09 -60.0 -60.0 
16328 | 0 | 0.1280
36.5880 -3.602573E-06 +6.093651E-09 -60.0 -60.0 
16328 | 0 | 0.1260
36.7140 -3.602821E-06 +4.961850E-09 -60.0 -60.0 
16328 | 0 | 0.1260
36.8400 -3.601524E-06 +4.961853E-09 -60.0 -60.0 
TI0.0 | 0 | 0.1260
37.1410 -3.599973E-06 +4.039642E-09 -60.0 -60.0 
16328 | 0 | 0.3010
37.2680 -3.598927E-06 +5.422954E-09 -60.0 -60.0 
16328 | 0 | 0.1270
37.3940 -3.599764E-06 +5.842141E-09 -60.0 -60.0 
16328 | 0 | 0.1260
37.5200 -3.597586E-06 +4.249238E-09 -60.0 -60.0 
16328 | 0 | 0.1260
37.6460 -3.598214E-06 +5.339118E-09 -60.0 -60.0 
16328 | 0 | 0.1260
37.9480 -3.595993E-06 +5.464879E-09 -60.0 -60.0 
16328 | 0 | 0.3020
38.0750 -3.595994E-06 +4.794177E-09 -60.0 -60.0 
16328 | 0 | 0.1270
38.2010 -3.594315E-06 +5.548709E-09 -60.0 -60.0 
16328 | 0 | 0.1260
38.3260 -3.594653E-06 +5.548715E-09 -60.0 -60.0 
TI0.0 | 0 | 0.1250
38.7550 -3.591886E-06 +4.836098E-09 -60.0 -60.0 
16328 | 0 | 0.4290
38.8810 -3.592015E-06 +5.548714E-09 -60.0 -60.0 
16328 | 0 | 0.1260
39.0070 -3.590256E-06 +5.590625E-09 -60.0 -60.0 
16328 | 0 | 0.1260
39.1330 -3.590714E-06 +5.255285E-09 -60.0 -60.0 
16328 | 0 | 0.1260
39.2590 -3.589751E-06 +3.955802E-09 -60.0 -60.0 
TI0.0 | 0 | 0.1260
39.5610 -3.588073E-06 +4.500747E-09 -60.0 -60.0 
16328 | 0 | 0.3020
39.6880 -3.587363E-06 +4.291153E-09 -60.0 -60.0 
16328 | 0 | 0.1270
39.8140 -3.587655E-06 +3.913888E-09 -60.0 -60.0 
16328 | 0 | 0.1260
39.9400 -3.586985E-06 +4.668430E-09 -60.0 -60.0 
16328 | 0 | 0.1260
40.0660 -3.586188E-06 +4.961848E-09 -60.0 -60.0 
TI0.0 | 0 | 0.1260
40.3670 -3.584512E-06 +4.458829E-09 -60.0 -60.0 
16328 | 0 | 0.3010
40.4930 -3.584682E-06 +4.333071E-09 -60.0 -60.0 
16328 | 0 | 0.1260
40.6190 -3.583968E-06 +4.919933E-09 -60.0 -60.0 
16328 | 0 | 0.1260
40.7450 -3.582962E-06 +5.464873E-09 -60.0 -60.0 
16328 | 0 | 0.1260
40.8710 -3.582124E-06 +3.452783E-09 -60.0 -60.0 
TI0.0 | 0 | 0.1260
41.1740 -3.581953E-06 +4.752264E-09 -60.0 -60.0 
16328 | 0 | 0.3030
41.3000 -3.580869E-06 +4.249235E-09 -60.0 -60.0 
16328 | 0 | 0.1260
41.4260 -3.580783E-06 +5.003771E-09 -60.0 -60.0 
16328 | 0 | 0.1260
41.5520 -3.579442E-06 +5.674473E-09 -60.0 -60.0 
16328 | 0 | 0.1260
41.6780 -3.578102E-06 +6.219410E-09 -60.0 -60.0 
TI0.0 | 0 | 0.1260
41.9810 -3.578311E-06 +6.135568E-09 -60.0 -60.0 
16328 | 0 | 0.3030
42.1060 -3.576969E-06 +4.207314E-09 -60.0 -60.0 
16328 | 0 | 0.1250
42.2320 -3.577054E-06 +5.758308E-09 -60.0 -60.0 TI0.0 | 0 | 0.1260
44.4090 -3.566871E-06 +5.255279E-09 -60.0 -60.0 
16328 | 0 | 2.1770
44.5510 -3.566495E-06 +5.925974E-09 -60.0 -60.0 
16328 | 0 | 0.1420
44.6940 -3.565739E-06 +5.255290E-09 -60.0 -60.0 
TI0.0 | 0 | 0.1430
45.2030 -3.563438E-06 +4.249237E-09 -60.0 -60.0 
16328 | 0 | 0.5090
45.3260 -3.562850E-06 +5.842141E-09 -60.0 -60.0 
16328 | 0 | 0.1230
45.4520 -3.561593E-06 +5.422939E-09 -60.0 -60.0 
16328 | 0 | 0.1260
45.5780 -3.561425E-06 +5.003771E-09 -60.0 -60.0 
TI0.0 | 0 | 0.1260
46.0120 -3.560208E-06 +3.578542E-09 -60.0 -60.0 
16328 | 0 | 0.4340
46.1340 -3.559456E-06 +5.213368E-09 -60.0 -60.0 
16328 | 0 | 0.1220
46.2610 -3.559624E-06 +5.297195E-09 -60.0 -60.0 
16328 | 0 | 0.1270
46.3870 -3.558241E-06 +5.506788E-09 -60.0 -60.0 
16328 | 0 | 0.1260
46.5130 -3.558449E-06 +6.177483E-09 -60.0 -60.0 
16328 | 0 | 0.1260
46.8190 -3.556942E-06 +5.381040E-09 -60.0 -60.0 
16328 | 0 | 0.3060
46.9410 -3.556187E-06 +4.752258E-09 -60.0 -60.0 
16328 | 0 | 0.1220
47.0670 -3.555646E-06 +4.836092E-09 -60.0 -60.0 
16328 | 0 | 0.1260
47.1930 -3.555055E-06 +3.913886E-09 -60.0 -60.0 
TI0.0 | 0 | 0.1260
47.6270 -3.554595E-06 +4.626501E-09 -60.0 -60.0 
16328 | 0 | 0.4340
47.7480 -3.554133E-06 +5.381030E-09 -60.0 -60.0 
16328 | 0 | 0.1210
47.8740 -3.553506E-06 +5.842147E-09 -60.0 -60.0 
16328 | 0 | 0.1260
48.0010 -3.552755E-06 +5.464865E-09 -60.0 -60.0 
16328 | 0 | 0.1270
48.1270 -3.550824E-06 +5.003772E-09 -60.0 -60.0 
TI0.0 | 0 | 0.1260
48.4340 -3.550490E-06 +5.464871E-09 -60.0 -60.0 
16328 | 0 | 0.3070
48.5550 -3.549190E-06 +4.374995E-09 -60.0 -60.0 
16328 | 0 | 0.1210
48.6810 -3.548689E-06 +6.387081E-09 -60.0 -60.0 
16328 | 0 | 0.1260
48.8070 -3.548392E-06 +5.171446E-09 -60.0 -60.0 
16328 | 0 | 0.1260
48.9330 -3.547811E-06 +5.716388E-09 -60.0 -60.0 
TI0.0 | 0 | 0.1260
49.2400 -3.546511E-06 +6.093651E-09 -60.0 -60.0 
16328 | 0 | 0.3070
49.3620 -3.546005E-06 +4.584582E-09 -60.0 -60.0 
16328 | 0 | 0.1220
49.4870 -3.546552E-06 +4.836094E-09 -60.0 -60.0 
16328 | 0 | 0.1250
49.6140 -3.545672E-06 +4.752256E-09 -60.0 -60.0 
16328 | 0 | 0.1270
49.7400 -3.544413E-06 +4.500749E-09 -60.0 -60.0 
TI0.0 | 0 | 0.1260
50.0460 -3.543325E-06 +4.584583E-09 -60.0 -60.0 
16328 | 0 | 0.3060
50.1670 -3.543911E-06 +5.884060E-09 -60.0 -60.0 
16328 | 0 | 0.1210
50.2930 -3.542988E-06 +5.339118E-09 -60.0 -60.0 
16328 | 0 | 0.1260
50.4230 -3.542443E-06 +4.584590E-09 -60.0 -60.0 
16328 | 0 | 0.1300
50.5450 -3.541439E-06 +3.704288E-09 -60.0 -60.0 
16328 | 0 | 0.1220
50.8530 -3.540141E-06 +3.788130E-09 -60.0 -60.0 
16328 | 0 | 0.3080
50.9740 -3.541023E-06 +6.093654E-09 -60.0 -60.0 
16328 | 0 | 0.1210
51.0990 -3.540727E-06 +6.387081E-09 -60.0 -60.0 
16328 | 0 | 0.1250
51.2260 -3.538840E-06 +4.752260E-09 -60.0 -60.0 
TI0.0 | 0 | 0.1270
51.6450 -3.537838E-06 +5.003767E-09 -60.0 -60.0 
16328 | 0 | 0.4190
51.7670 -3.537085E-06 +4.961848E-09 -60.0 -60.0 
16328 | 0 | 0.1220
51.8920 -3.536413E-06 +5.255286E-09 -60.0 -60.0 
16328 | 0 | 0.1250
52.0180 -3.535827E-06 +5.003776E-09 -60.0 -60.0 
16328 | 0 | 0.1260
52.1440 -3.535573E-06 +4.794177E-09 -60.0 -60.0 
TI0.0 | 0 | 0.1260
52.4510 -3.534525E-06 +5.758307E-09 -60.0 -60.0 
16328 | 0 | 0.3070
52.5740 -3.534231E-06 +5.842133E-09 -60.0 -60.0 
16328 | 0 | 0.1230
52.6990 -3.533689E-06 +3.913891E-09 -60.0 -60.0 
16328 | 0 | 0.1250
52.8250 -3.533520E-06 +6.177485E-09 -60.0 -60.0 
16328 | 0 | 0.1260
52.9510 -3.532391E-06 +6.680513E-09 -60.0 -60.0 
TI0.0 | 0 | 0.1260
53.2580 -3.530795E-06 +6.764342E-09 -60.0 -60.0 
16328 | 0 | 0.3070
53.3800 -3.531804E-06 +4.794176E-09 -60.0 -60.0 
16328 | 0 | 0.1220
53.5040 -3.529959E-06 +4.542673E-09 -60.0 -60.0 
16328 | 0 | 0.1240
53.6300 -3.530334E-06 +6.387075E-09 -60.0 -60.0 
16328 | 0 | 0.1260
53.7590 -3.529705E-06 +5.045685E-09 -60.0 -60.0 
TI0.0 | 0 | 0.1290
54.0660 -3.528575E-06 +4.542660E-09 -60.0 -60.0 
16328 | 0 | 0.3070
54.1850 -3.528158E-06 +5.171447E-09 -60.0 -60.0 
16328 | 0 | 0.1190
54.3110 -3.527779E-06 +4.919928E-09 -60.0 -60.0 
16328 | 0 | 0.1260
54.4370 -3.526857E-06 +4.668424E-09 -60.0 -60.0 
16328 | 0 | 0.1260
54.5650 -3.526647E-06 +5.590624E-09 -60.0 -60.0 
TI0.0 | 0 | 0.1280
54.8720 -3.526482E-06 +4.500741E-09 -60.0 -60.0 
16328 | 0 | 0.3070
54.9910 -3.524762E-06 +5.716386E-09 -60.0 -60.0 
16328 | 0 | 0.1190
55.1170 -3.523465E-06 +5.548707E-09 -60.0 -60.0 
16328 | 0 | 0.1260
55.2430 -3.523422E-06 +4.961850E-09 -60.0 -60.0 
16328 | 0 | 0.1260
55.3680 -3.524302E-06 +5.758307E-09 -60.0 -60.0 
16328 | 0 | 0.1250
55.6780 -3.522543E-06 +5.506791E-09 -60.0 -60.0 
16328 | 0 | 0.3100
55.7970 -3.522584E-06 +3.368947E-09 -60.0 -60.0 
16328 | 0 | 0.1190
55.9230 -3.521706E-06 +4.039633E-09 -60.0 -60.0 
16328 | 0 | 0.1260
56.0490 -3.521869E-06 +4.668419E-09 -60.0 -60.0 
TI0.0 | 0 | 0.1260
56.4720 -3.520113E-06 +5.255274E-09 -60.0 -60.0 
16328 | 0 | 0.4230
56.5890 -3.519357E-06 +4.710338E-09 -60.0 -60.0 
16328 | 0 | 0.1170
56.7150 -3.518604E-06 +5.129527E-09 -60.0 -60.0 
16328 | 0 | 0.1260
56.8410 -3.518018E-06 +4.668419E-09 -60.0 -60.0 
16328 | 0 | 0.1260
56.9670 -3.518058E-06 +5.087602E-09 -60.0 -60.0 
TI0.0 | 0 | 0.1260
57.2770 -3.516425E-06 +4.500753E-09 -60.0 -60.0 
16328 | 0 | 0.3100
57.3950 -3.515545E-06 +4.668414E-09 -60.0 -60.0 
16328 | 0 | 0.1180
57.5210 -3.515128E-06 +4.794164E-09 -60.0 -60.0 
16328 | 0 | 0.1260
57.6470 -3.516381E-06 +4.626501E-09 -60.0 -60.0 
16328 | 0 | 0.1260
57.7730 -3.514037E-06 +3.494699E-09 -60.0 -60.0 
TI0.0 | 0 | 0.1260
58.0830 -3.513450E-06 +4.207314E-09 -60.0 -60.0 
16328 | 0 | 0.3100
58.2010 -3.513240E-06 +5.422953E-09 -60.0 -60.0 
16328 | 0 | 0.1180
58.3270 -3.512905E-06 +5.925973E-09 -60.0 -60.0 
16328 | 0 | 0.1260
58.4530 -3.512026E-06 +3.830056E-09 -60.0 -60.0 
16328 | 0 | 0.1260
58.5790 -3.513031E-06 +5.884063E-09 -60.0 -60.0 
TI0.0 | 0 | 0.1260
#
#----------------------- FOOTER ------------------------------------
# DEV_1 VDS:  KEITHLEY INSTRUMENTS INC.,MODEL 2400,1322544,C32   Oct  4 2010 14:20:11/A02  /R/J
#------ comments: init_log
# DEV_1 VDS: Serial<id=0xb39027ec, open=True>(port='/dev/ttyUSB5', baudrate=9600, bytesize=8, parity='N', stopbits=1, timeout=1, xonxoff=0, rtscts=1, dsrdtr=False)
# DEV_2 VGS:  KEITHLEY INSTRUMENTS INC.,MODEL 2400,4033786,C32   Oct  4 2010 14:20:11/A02  /T/K
# DEV_1 VDS: Serial<id=0xb39105cc, open=True>(port='/dev/ttyUSB0', baudrate=9600, bytesize=8, parity='N', stopbits=1, timeout=1, xonxoff=0, rtscts=1, dsrdtr=False)
#
# ======= ERROR'S @ VDS
## :STAT:MEAS?   	 64 
## :SYST:ERR:ALL? 	 0,"No error" 
## *ESR?   	 0 
## *OPC?   	 1 
## :STAT:OPER?   	 1088 
## :STAT:MEAS?   	 0 
## :STAT:QUES?   	 0 
#
# ======= ERROR'S @ VGS
## :STAT:MEAS?   	 64 
## :SYST:ERR:ALL? 	 0,"No error" 
## *ESR?   	 0 
## *OPC?   	 1 
## :STAT:OPER?   	 1088 
## :STAT:MEAS?   	 0 
## :STAT:QUES?   	 0 
#
#
# ----* zajaczkowksi@mpip-mainz.mpg.de *-------------------------------
# ----- End of file 2019-02-04 18:12:18.711566 created by:/home/mar345/ele/ele/bin/K2400.pyc
