#-------------- Creating on pcbutt163 @ 2019-02-04 20:26:45.885778
# INIT TIME STEP TEST ..................................................  
# VDS       : 50.0 	 Current compliance 0.001
# VGS       : 50.0 	 Current compliance 0.001
# NPLC      : 1.0
# DELETE    : 0.0
# pozycja poczatkowa szhuttera: 0 keep open 0 before measurmeents
# :: ----------------------------------- TIME --------------------------------------
# ::     Time 	 IDS 	 IGS 	 VDS 	 VGS 	 XPIN 	 | Shutter | 	 Delta Time	     
# :: -------------------------------------------------------------------------------
#------ comments: init_log
0.2630 +7.620647E-06 +1.284250E-08 50.0 50.0 TI0.0 | 0 | 0.2630
0.3890 +6.694276E-06 +4.710329E-09 50.0 50.0 
TI0.0 | 0 | 0.1260
0.7880 +5.859285E-06 +5.884045E-09 50.0 50.0 
16328 | 0 | 0.3990
0.9120 +5.660571E-06 +7.435022E-09 50.0 50.0 
16328 | 0 | 0.1240
1.0380 +5.490471E-06 +6.261312E-09 50.0 50.0 
16328 | 0 | 0.1260
1.1640 +5.401399E-06 +6.219391E-09 50.0 50.0 
16328 | 0 | 0.1260
1.2900 +5.356863E-06 +6.261308E-09 50.0 50.0 
TI0.0 | 0 | 0.1260
1.5940 +5.195273E-06 +6.387065E-09 50.0 50.0 
16328 | 0 | 0.3040
1.7190 +5.141348E-06 +6.512822E-09 50.0 50.0 
16328 | 0 | 0.1250
1.8450 +5.071468E-06 +7.225431E-09 50.0 50.0 
16328 | 0 | 0.1260
1.9710 +5.046579E-06 +5.129509E-09 50.0 50.0 
16328 | 0 | 0.1260
2.0970 +4.934380E-06 +9.363278E-09 50.0 50.0 
16328 | 0 | 0.1260
2.4010 +4.829853E-06 +6.596641E-09 50.0 50.0 
16328 | 0 | 0.3040
2.5250 +4.785273E-06 +8.063806E-09 50.0 50.0 
16328 | 0 | 0.1240
2.6520 +4.806012E-06 +6.554739E-09 50.0 50.0 
16328 | 0 | 0.1270
2.7770 +4.753855E-06 +6.345139E-09 50.0 50.0 
TI0.0 | 0 | 0.1250
3.2090 +4.700895E-06 +7.812296E-09 50.0 50.0 
16328 | 0 | 0.4320
3.3330 +4.669475E-06 +7.854205E-09 50.0 50.0 
16328 | 0 | 0.1240
3.4610 +4.655648E-06 +6.554744E-09 50.0 50.0 
16328 | 0 | 0.1280
3.5860 +4.639516E-06 +6.470900E-09 50.0 50.0 
16328 | 0 | 0.1250
3.7120 +4.597747E-06 +5.925960E-09 50.0 50.0 
TI0.0 | 0 | 0.1260
4.0160 +4.598834E-06 +6.428977E-09 50.0 50.0 
16328 | 0 | 0.3040
4.1390 +4.590918E-06 +7.099678E-09 50.0 50.0 
16328 | 0 | 0.1230
4.2680 +4.557356E-06 +5.758284E-09 50.0 50.0 
16328 | 0 | 0.1290
4.3920 +4.531339E-06 +7.602702E-09 50.0 50.0 
16328 | 0 | 0.1240
4.5180 +4.543030E-06 +6.554719E-09 50.0 50.0 
TI0.0 | 0 | 0.1260
4.8220 +4.442604E-06 +6.345146E-09 50.0 50.0 
16328 | 0 | 0.3040
4.9450 +4.473650E-06 +6.470898E-09 50.0 50.0 
16328 | 0 | 0.1230
5.0710 +4.407409E-06 +5.925954E-09 50.0 50.0 
16328 | 0 | 0.1260
5.1970 +4.463090E-06 +6.596649E-09 50.0 50.0 
16328 | 0 | 0.1260
5.3230 +4.492165E-06 +7.225436E-09 50.0 50.0 
TI0.0 | 0 | 0.1260
5.6290 +4.479138E-06 +7.015837E-09 50.0 50.0 
16328 | 0 | 0.3060
5.7510 +4.454921E-06 +3.327021E-09 50.0 50.0 
16328 | 0 | 0.1220
5.8780 +4.426181E-06 +3.410849E-09 50.0 50.0 
16328 | 0 | 0.1270
6.0040 +4.444195E-06 +4.291138E-09 50.0 50.0 
16328 | 0 | 0.1260
6.1300 +4.507164E-06 +7.351193E-09 50.0 50.0 
TI0.0 | 0 | 0.1260
6.4360 +4.448341E-06 +7.393111E-09 50.0 50.0 
16328 | 0 | 0.3060
6.5580 +4.445577E-06 +3.033588E-09 50.0 50.0 
16328 | 0 | 0.1220
6.6840 +4.435522E-06 +6.638567E-09 50.0 50.0 
16328 | 0 | 0.1260
6.8100 +4.417592E-06 +7.267352E-09 50.0 50.0 
16328 | 0 | 0.1260
6.9370 +4.379507E-06 +6.596662E-09 50.0 50.0 
16328 | 0 | 0.1270
7.2410 +4.382105E-06 +5.967870E-09 50.0 50.0 
16328 | 0 | 0.3040
7.3640 +4.357556E-06 +7.309272E-09 50.0 50.0 
16328 | 0 | 0.1230
7.4890 +4.343392E-06 +6.051722E-09 50.0 50.0 
16328 | 0 | 0.1250
7.6160 +4.319972E-06 +6.764316E-09 50.0 50.0 
TI0.0 | 0 | 0.1270
8.0340 +4.280170E-06 +7.099684E-09 50.0 50.0 
16328 | 0 | 0.4180
8.1570 +4.318129E-06 +6.009798E-09 50.0 50.0 
16328 | 0 | 0.1230
8.2820 +4.311888E-06 +6.512820E-09 50.0 50.0 
16328 | 0 | 0.1250
8.4080 +4.278915E-06 +6.303230E-09 50.0 50.0 
16328 | 0 | 0.1260
8.5350 +4.253107E-06 +6.051715E-09 50.0 50.0 
TI0.0 | 0 | 0.1270
8.8410 +4.233418E-06 +7.728462E-09 50.0 50.0 
16328 | 0 | 0.3060
8.9640 +4.214939E-06 +7.141588E-09 50.0 50.0 
16328 | 0 | 0.1230
9.0900 +4.248876E-06 +5.381024E-09 50.0 50.0 
16328 | 0 | 0.1260
9.2150 +4.253149E-06 +6.261316E-09 50.0 50.0 
16328 | 0 | 0.1250
9.3440 +4.229013E-06 +6.093622E-09 50.0 50.0 
TI0.0 | 0 | 0.1290
9.6490 +4.227049E-06 +6.051716E-09 50.0 50.0 
16328 | 0 | 0.3050
9.7720 +4.154817E-06 +5.967875E-09 50.0 50.0 
16328 | 0 | 0.1230
9.8960 +4.171703E-06 +6.638575E-09 50.0 50.0 
16328 | 0 | 0.1240
10.0230 +4.146103E-06 +7.225432E-09 50.0 50.0 
16328 | 0 | 0.1270
10.1500 +4.150249E-06 +6.428983E-09 50.0 50.0 
TI0.0 | 0 | 0.1270
10.4730 +4.195292E-06 +6.093630E-09 50.0 50.0 
16328 | 0 | 0.3230
10.5920 +4.184313E-06 +7.812290E-09 50.0 50.0 
16328 | 0 | 0.1190
10.7180 +4.184478E-06 +6.428977E-09 50.0 50.0 
16328 | 0 | 0.1260
10.8440 +4.215611E-06 +6.680489E-09 50.0 50.0 
16328 | 0 | 0.1260
10.9720 +4.172706E-06 +3.620448E-09 50.0 50.0 
16328 | 0 | 0.1280
11.2630 +4.111539E-06 +6.932004E-09 50.0 50.0 
16328 | 0 | 0.2910
11.3840 +4.134203E-06 +6.219381E-09 50.0 50.0 
16328 | 0 | 0.1210
11.5090 +4.127207E-06 +7.015831E-09 50.0 50.0 
16328 | 0 | 0.1250
11.6350 +4.098260E-06 +6.219391E-09 50.0 50.0 
TI0.0 | 0 | 0.1260
12.0550 +4.160850E-06 +6.806262E-09 50.0 50.0 
16328 | 0 | 0.4200
12.1760 +4.181085E-06 +5.045671E-09 50.0 50.0 
16328 | 0 | 0.1210
12.3010 +4.137509E-06 +3.830038E-09 50.0 50.0 
16328 | 0 | 0.1250
12.4280 +4.141243E-06 +6.973922E-09 50.0 50.0 
16328 | 0 | 0.1270
12.5540 +4.174301E-06 +6.638574E-09 50.0 50.0 
TI0.0 | 0 | 0.1260
12.8610 +4.080243E-06 +7.225439E-09 50.0 50.0 
16328 | 0 | 0.3070
12.9820 +4.110701E-06 +6.596659E-09 50.0 50.0 
16328 | 0 | 0.1210
13.1080 +4.121426E-06 +8.231471E-09 50.0 50.0 
16328 | 0 | 0.1260
13.2340 +4.102863E-06 +6.596651E-09 50.0 50.0 
16328 | 0 | 0.1260
13.3600 +4.065828E-06 +6.680487E-09 50.0 50.0 
TI0.0 | 0 | 0.1260
13.6670 +4.027623E-06 +5.590615E-09 50.0 50.0 
16328 | 0 | 0.3070
13.7880 +4.053929E-06 +4.500730E-09 50.0 50.0 
16328 | 0 | 0.1210
13.9130 +4.042744E-06 +8.944101E-09 50.0 50.0 
16328 | 0 | 0.1250
14.0400 +4.050076E-06 +6.932003E-09 50.0 50.0 
16328 | 0 | 0.1270
14.1660 +4.072113E-06 +6.848181E-09 50.0 50.0 
TI0.0 | 0 | 0.1260
14.4740 +4.065622E-06 +7.099677E-09 50.0 50.0 
16328 | 0 | 0.3080
14.5940 +4.033154E-06 +6.261303E-09 50.0 50.0 
16328 | 0 | 0.1200
14.7200 +4.027870E-06 +6.806246E-09 50.0 50.0 
16328 | 0 | 0.1260
14.8470 +4.070103E-06 +6.512820E-09 50.0 50.0 
16328 | 0 | 0.1270
14.9720 +4.072242E-06 +6.596655E-09 50.0 50.0 
TI0.0 | 0 | 0.1250
15.2800 +4.055356E-06 +7.099672E-09 50.0 50.0 
16328 | 0 | 0.3080
15.4010 +4.079991E-06 +6.554734E-09 50.0 50.0 
16328 | 0 | 0.1210
15.5270 +4.052003E-06 +9.950128E-09 50.0 50.0 
16328 | 0 | 0.1260
15.6520 +4.074669E-06 +7.183511E-09 50.0 50.0 
16328 | 0 | 0.1250
15.7770 +4.068007E-06 +3.243184E-09 50.0 50.0 
16328 | 0 | 0.1250
16.0870 +3.996909E-06 +7.267351E-09 50.0 50.0 
16328 | 0 | 0.3100
16.2060 +4.037464E-06 +5.884044E-09 50.0 50.0 
16328 | 0 | 0.1190
16.3320 +4.020330E-06 +6.219389E-09 50.0 50.0 
16328 | 0 | 0.1260
16.4600 +3.992719E-06 +6.219383E-09 50.0 50.0 
TI0.0 | 0 | 0.1280
16.8960 +3.993808E-06 +6.345139E-09 50.0 50.0 
16328 | 0 | 0.4360
17.0150 +3.957655E-06 +5.967886E-09 50.0 50.0 
16328 | 0 | 0.1190
17.1410 +3.950574E-06 +7.099658E-09 50.0 50.0 
16328 | 0 | 0.1260
17.2670 +3.947096E-06 +6.303225E-09 50.0 50.0 
16328 | 0 | 0.1260
17.3930 +3.970221E-06 +6.973919E-09 50.0 50.0 
TI0.0 | 0 | 0.1260
17.7010 +3.987234E-06 +7.476943E-09 50.0 50.0 
16328 | 0 | 0.3080
17.8200 +3.950029E-06 +6.764329E-09 50.0 50.0 
16328 | 0 | 0.1190
17.9460 +3.972190E-06 +7.057762E-09 50.0 50.0 
16328 | 0 | 0.1260
18.0730 +3.991170E-06 +6.848160E-09 50.0 50.0 
16328 | 0 | 0.1270
18.1980 +3.979986E-06 +6.764331E-09 50.0 50.0 
TI0.0 | 0 | 0.1250
18.5080 +3.936328E-06 +7.183516E-09 50.0 50.0 
16328 | 0 | 0.3100
18.6260 +3.986310E-06 +6.387058E-09 50.0 50.0 
16328 | 0 | 0.1180
18.7520 +3.988446E-06 +6.806253E-09 50.0 50.0 
16328 | 0 | 0.1260
18.8780 +3.988785E-06 +5.590618E-09 50.0 50.0 
16328 | 0 | 0.1260
19.0040 +3.965866E-06 +7.435030E-09 50.0 50.0 
TI0.0 | 0 | 0.1260
19.2980 +3.919359E-06 +6.932010E-09 50.0 50.0 
16328 | 0 | 0.2940
19.4170 +3.964567E-06 +5.967874E-09 50.0 50.0 
16328 | 0 | 0.1190
19.5420 +3.922793E-06 +3.955788E-09 50.0 50.0 
16328 | 0 | 0.1250
19.6680 +3.931885E-06 +7.015837E-09 50.0 50.0 
16328 | 0 | 0.1260
19.7940 +3.885047E-06 +6.848160E-09 50.0 50.0 
16328 | 0 | 0.1260
20.1050 +3.921999E-06 +6.638572E-09 50.0 50.0 
16328 | 0 | 0.3110
20.2230 +3.933352E-06 +6.512815E-09 50.0 50.0 
16328 | 0 | 0.1180
20.3490 +3.906749E-06 +6.680492E-09 50.0 50.0 
16328 | 0 | 0.1260
20.4740 +3.943536E-06 +9.782459E-09 50.0 50.0 
TI0.0 | 0 | 0.1250
20.9120 +3.869629E-06 +7.141593E-09 50.0 50.0 
16328 | 0 | 0.4380
21.0290 +3.845413E-06 +7.393107E-09 50.0 50.0 
16328 | 0 | 0.1170
21.1550 +3.889906E-06 +6.512818E-09 50.0 50.0 
16328 | 0 | 0.1260
21.2810 +3.902725E-06 +7.435026E-09 50.0 50.0 
16328 | 0 | 0.1260
21.4070 +3.907129E-06 +6.890088E-09 50.0 50.0 
TI0.0 | 0 | 0.1260
21.7190 +3.888022E-06 +7.812287E-09 50.0 50.0 
16328 | 0 | 0.3120
21.8350 +3.880437E-06 +5.045671E-09 50.0 50.0 
16328 | 0 | 0.1160
21.9610 +3.903146E-06 +6.219393E-09 50.0 50.0 
16328 | 0 | 0.1260
22.0860 +3.912614E-06 +4.039626E-09 50.0 50.0 
16328 | 0 | 0.1250
22.2120 +3.900172E-06 +5.800205E-09 50.0 50.0 
TI0.0 | 0 | 0.1260
22.5240 +3.893679E-06 +6.554739E-09 50.0 50.0 
16328 | 0 | 0.3120
22.6400 +3.908176E-06 +5.884034E-09 50.0 50.0 
16328 | 0 | 0.1160
22.7660 +3.927448E-06 +6.428978E-09 50.0 50.0 
16328 | 0 | 0.1260
22.8920 +3.974747E-06 +6.177474E-09 50.0 50.0 
16328 | 0 | 0.1260
23.0180 +3.916258E-06 +5.884044E-09 50.0 50.0 
TI0.0 | 0 | 0.1260
23.3280 +3.946425E-06 +6.303224E-09 50.0 50.0 
16328 | 0 | 0.3100
23.4450 +3.958449E-06 +2.698237E-09 50.0 50.0 
16328 | 0 | 0.1170
23.5710 +3.984886E-06 +3.452775E-09 50.0 50.0 
16328 | 0 | 0.1260
23.7030 +3.934400E-06 +3.620451E-09 50.0 50.0 
16328 | 0 | 0.1320
23.8240 +3.895645E-06 +6.303235E-09 50.0 50.0 
16328 | 0 | 0.1210
24.1350 +3.941313E-06 +5.800204E-09 50.0 50.0 
16328 | 0 | 0.3110
24.2510 +3.920573E-06 +6.680499E-09 50.0 50.0 
16328 | 0 | 0.1160
24.3780 +3.897614E-06 +5.632545E-09 50.0 50.0 
16328 | 0 | 0.1270
24.5030 +3.902097E-06 +7.225432E-09 50.0 50.0 
TI0.0 | 0 | 0.1250
24.9270 +3.904447E-06 +6.428980E-09 50.0 50.0 
16328 | 0 | 0.4240
25.0420 +3.887812E-06 +6.345155E-09 50.0 50.0 
16328 | 0 | 0.1150
25.1690 +3.918857E-06 +6.848171E-09 50.0 50.0 
16328 | 0 | 0.1270
25.2940 +3.899459E-06 +7.267349E-09 50.0 50.0 
16328 | 0 | 0.1250
25.4200 +3.946089E-06 +4.207306E-09 50.0 50.0 
TI0.0 | 0 | 0.1260
25.7320 +3.867576E-06 +4.333057E-09 50.0 50.0 
16328 | 0 | 0.3120
25.8480 +3.856601E-06 +6.806248E-09 50.0 50.0 
16328 | 0 | 0.1160
25.9740 +3.855804E-06 +3.285098E-09 50.0 50.0 
16328 | 0 | 0.1260
26.1000 +3.878511E-06 +7.309257E-09 50.0 50.0 
16328 | 0 | 0.1260
26.2260 +3.904277E-06 +5.967880E-09 50.0 50.0 
TI0.0 | 0 | 0.1260
26.5380 +3.897407E-06 +7.644625E-09 50.0 50.0 
16328 | 0 | 0.3120
26.6530 +3.908424E-06 +6.764333E-09 50.0 50.0 
16328 | 0 | 0.1150
26.7790 +3.915927E-06 +6.512819E-09 50.0 50.0 
16328 | 0 | 0.1260
26.9050 +3.925980E-06 +8.818327E-09 50.0 50.0 
16328 | 0 | 0.1260
27.0310 +3.889866E-06 +7.476945E-09 50.0 50.0 
TI0.0 | 0 | 0.1260
27.3440 +3.906790E-06 +4.165386E-09 50.0 50.0 
16328 | 0 | 0.3130
27.4580 +3.919399E-06 +6.261308E-09 50.0 50.0 
16328 | 0 | 0.1140
27.5840 +3.893972E-06 +7.770370E-09 50.0 50.0 
16328 | 0 | 0.1260
27.7110 +3.897489E-06 +6.596662E-09 50.0 50.0 
16328 | 0 | 0.1270
27.8370 +3.903105E-06 +6.009786E-09 50.0 50.0 
TI0.0 | 0 | 0.1260
28.1490 +3.889530E-06 +6.261318E-09 50.0 50.0 
16328 | 0 | 0.3120
28.2640 +3.900673E-06 +8.902168E-09 50.0 50.0 
16328 | 0 | 0.1150
28.3900 +3.885005E-06 +7.141582E-09 50.0 50.0 
16328 | 0 | 0.1260
28.5160 +3.870719E-06 +5.548704E-09 50.0 50.0 
16328 | 0 | 0.1260
28.6420 +3.833976E-06 +6.303228E-09 50.0 50.0 
16328 | 0 | 0.1260
28.9560 +3.824128E-06 +6.387065E-09 50.0 50.0 
16328 | 0 | 0.3140
29.0700 +3.827565E-06 +6.051716E-09 50.0 50.0 
16328 | 0 | 0.1140
29.1950 +3.834728E-06 +6.890084E-09 50.0 50.0 
16328 | 0 | 0.1250
29.3220 +3.851153E-06 +6.177471E-09 50.0 50.0 
TI0.0 | 0 | 0.1270
29.7630 +3.863431E-06 +6.554735E-09 50.0 50.0 
16328 | 0 | 0.4410
29.8790 +3.850525E-06 +6.261316E-09 50.0 50.0 
16328 | 0 | 0.1160
30.0030 +3.887099E-06 +6.345146E-09 50.0 50.0 
16328 | 0 | 0.1240
30.1290 +3.835524E-06 +6.554746E-09 50.0 50.0 
16328 | 0 | 0.1260
30.2560 +3.875830E-06 +7.518866E-09 50.0 50.0 
TI0.0 | 0 | 0.1270
30.5550 +3.864517E-06 +6.135554E-09 50.0 50.0 
16328 | 0 | 0.2990
30.6830 +3.837578E-06 +6.848169E-09 50.0 50.0 
16328 | 0 | 0.1280
30.8100 +3.830791E-06 +3.117428E-09 50.0 50.0 
16328 | 0 | 0.1270
30.9360 +3.791868E-06 +6.806243E-09 50.0 50.0 
16328 | 0 | 0.1260
31.0630 +3.785755E-06 +7.225436E-09 50.0 50.0 
TI0.0 | 0 | 0.1270
31.3610 +3.814701E-06 +6.135554E-09 50.0 50.0 
16328 | 0 | 0.2980
31.4920 +3.798448E-06 +6.428984E-09 50.0 50.0 
16328 | 0 | 0.1310
31.6140 +3.793418E-06 +5.632536E-09 50.0 50.0 
16328 | 0 | 0.1220
31.7400 +3.800710E-06 +5.548691E-09 50.0 50.0 
16328 | 0 | 0.1260
31.8670 +3.776117E-06 +7.225434E-09 50.0 50.0 
TI0.0 | 0 | 0.1270
32.1670 +3.808755E-06 +6.890084E-09 50.0 50.0 
16328 | 0 | 0.3000
32.2950 +3.853749E-06 +7.560775E-09 50.0 50.0 
16328 | 0 | 0.1280
32.4210 +3.857646E-06 +4.961841E-09 50.0 50.0 
16328 | 0 | 0.1260
32.5470 +3.819689E-06 +6.387065E-09 50.0 50.0 
16328 | 0 | 0.1260
32.6730 +3.830370E-06 +4.794162E-09 50.0 50.0 
16328 | 0 | 0.1260
32.9730 +3.800375E-06 +7.812295E-09 50.0 50.0 
16328 | 0 | 0.3000
33.1010 +3.795138E-06 +7.309263E-09 50.0 50.0 
16328 | 0 | 0.1280
33.2270 +3.773436E-06 +6.973922E-09 50.0 50.0 
16328 | 0 | 0.1260
33.3530 +3.766565E-06 +6.135553E-09 50.0 50.0 
TI0.0 | 0 | 0.1260
33.7800 +3.782904E-06 +6.973919E-09 50.0 50.0 
16328 | 0 | 0.4270
33.8940 +3.783532E-06 +7.728452E-09 50.0 50.0 
16328 | 0 | 0.1140
34.0200 +3.784788E-06 +6.764324E-09 50.0 50.0 
16328 | 0 | 0.1260
34.1450 +3.838083E-06 +6.932003E-09 50.0 50.0 
16328 | 0 | 0.1250
34.2710 +3.811687E-06 +6.890088E-09 50.0 50.0 
TI0.0 | 0 | 0.1260
34.5860 +3.796690E-06 +2.823994E-09 50.0 50.0 
16328 | 0 | 0.3150
34.6990 +3.816755E-06 +6.345143E-09 50.0 50.0 
16328 | 0 | 0.1130
34.8250 +3.794384E-06 +6.554742E-09 50.0 50.0 
16328 | 0 | 0.1260
34.9510 +3.819773E-06 +6.554739E-09 50.0 50.0 
16328 | 0 | 0.1260
35.0770 +3.816840E-06 +3.830042E-09 50.0 50.0 
TI0.0 | 0 | 0.1260
35.3930 +3.784411E-06 +3.830038E-09 50.0 50.0 
16328 | 0 | 0.3160
35.5210 +3.813193E-06 +4.794157E-09 50.0 50.0 
16328 | 0 | 0.1280
35.6480 +3.845244E-06 +6.848166E-09 50.0 50.0 
16328 | 0 | 0.1270
35.7740 +3.843486E-06 +6.219389E-09 50.0 50.0 
16328 | 0 | 0.1260
35.9000 +3.833220E-06 +6.135556E-09 50.0 50.0 
TI0.0 | 0 | 0.1260
36.1990 +3.806072E-06 +7.183513E-09 50.0 50.0 
16328 | 0 | 0.2990
36.3260 +3.834100E-06 +6.345145E-09 50.0 50.0 
16328 | 0 | 0.1270
36.4530 +3.798991E-06 +7.686542E-09 50.0 50.0 
16328 | 0 | 0.1270
36.5790 +3.798114E-06 +6.219389E-09 50.0 50.0 
16328 | 0 | 0.1260
36.7050 +3.792414E-06 +6.638578E-09 50.0 50.0 
TI0.0 | 0 | 0.1260
36.9890 +3.804858E-06 +7.141586E-09 50.0 50.0 
16328 | 0 | 0.2840
37.1170 +3.785836E-06 +8.063806E-09 50.0 50.0 
16328 | 0 | 0.1280
37.2430 +3.808124E-06 +3.620454E-09 50.0 50.0 
16328 | 0 | 0.1260
37.3700 +3.844993E-06 +6.890084E-09 50.0 50.0 
16328 | 0 | 0.1270
37.4950 +3.790991E-06 +6.932003E-09 50.0 50.0 
16328 | 0 | 0.1250
37.8120 +3.813488E-06 +6.596641E-09 50.0 50.0 
16328 | 0 | 0.3170
37.9380 +3.824380E-06 +7.183519E-09 50.0 50.0 
16328 | 0 | 0.1260
38.0650 +3.829829E-06 +7.393111E-09 50.0 50.0 
16328 | 0 | 0.1270
38.1910 +3.842731E-06 +6.470905E-09 50.0 50.0 
TI0.0 | 0 | 0.1260
38.6020 +3.833766E-06 +6.135554E-09 50.0 50.0 
16328 | 0 | 0.4110
38.7300 +3.838335E-06 +6.051712E-09 50.0 50.0 
16328 | 0 | 0.1280
38.8550 +3.858318E-06 +7.141598E-09 50.0 50.0 
16328 | 0 | 0.1250
38.9830 +3.840054E-06 +6.680495E-09 50.0 50.0 
16328 | 0 | 0.1280
39.1080 +3.824672E-06 +7.057765E-09 50.0 50.0 
TI0.0 | 0 | 0.1250
39.4070 +3.813866E-06 +6.890088E-09 50.0 50.0 
16328 | 0 | 0.2990
39.5340 +3.784539E-06 +6.973919E-09 50.0 50.0 
16328 | 0 | 0.1270
39.6600 +3.777164E-06 +6.932003E-09 50.0 50.0 
16328 | 0 | 0.1260
39.7860 +3.774901E-06 +5.590624E-09 50.0 50.0 
16328 | 0 | 0.1260
39.9130 +3.796355E-06 +3.578525E-09 50.0 50.0 
TI0.0 | 0 | 0.1270
40.2140 +3.755040E-06 +2.907836E-09 50.0 50.0 
16328 | 0 | 0.3010
40.3410 +3.755796E-06 +6.596657E-09 50.0 50.0 
16328 | 0 | 0.1270
40.4660 +3.729109E-06 +4.626489E-09 50.0 50.0 
16328 | 0 | 0.1250
40.5920 +3.778085E-06 +6.387065E-09 50.0 50.0 
16328 | 0 | 0.1260
40.7180 +3.768408E-06 +6.680493E-09 50.0 50.0 
TI0.0 | 0 | 0.1260
41.0200 +3.746159E-06 +6.722409E-09 50.0 50.0 
16328 | 0 | 0.3020
41.1470 +3.730284E-06 +6.890087E-09 50.0 50.0 
16328 | 0 | 0.1270
41.2730 +3.712183E-06 +3.075503E-09 50.0 50.0 
16328 | 0 | 0.1260
41.3980 +3.707195E-06 +7.267352E-09 50.0 50.0 
16328 | 0 | 0.1250
41.5240 +3.711930E-06 +6.973905E-09 50.0 50.0 
16328 | 0 | 0.1260
41.8240 +3.682563E-06 +4.207309E-09 50.0 50.0 
16328 | 0 | 0.3000
41.9500 +3.698736E-06 +3.955797E-09 50.0 50.0 
16328 | 0 | 0.1260
42.0760 +3.751524E-06 +4.165386E-09 50.0 50.0 
16328 | 0 | 0.1260
42.2010 +3.709584E-06 +3.285097E-09 50.0 50.0 
TI0.0 | 0 | 0.1250
42.6140 +3.698944E-06 +7.015848E-09 50.0 50.0 
16328 | 0 | 0.4130
42.7400 +3.681767E-06 +5.422944E-09 50.0 50.0 
16328 | 0 | 0.1260
42.8660 +3.685538E-06 +6.387060E-09 50.0 50.0 
16328 | 0 | 0.1260
42.9920 +3.696891E-06 +6.470900E-09 50.0 50.0 
16328 | 0 | 0.1260
43.1180 +3.686205E-06 +6.554735E-09 50.0 50.0 
TI0.0 | 0 | 0.1260
43.4210 +3.697729E-06 +6.177468E-09 50.0 50.0 
16328 | 0 | 0.3030
43.5460 +3.644562E-06 +7.560781E-09 50.0 50.0 
16328 | 0 | 0.1250
43.6730 +3.679716E-06 +6.596659E-09 50.0 50.0 
16328 | 0 | 0.1270
43.7980 +3.677495E-06 +6.470912E-09 50.0 50.0 
16328 | 0 | 0.1250
43.9250 +3.647329E-06 +7.435021E-09 50.0 50.0 
TI0.0 | 0 | 0.1270
44.2270 +3.675985E-06 +2.991672E-09 50.0 50.0 
16328 | 0 | 0.3020
44.3530 +3.667774E-06 +5.129517E-09 50.0 50.0 
16328 | 0 | 0.1260
44.4800 +3.691865E-06 +3.243187E-09 50.0 50.0 
16328 | 0 | 0.1270
44.6050 +3.667229E-06 +5.967880E-09 50.0 50.0 
16328 | 0 | 0.1250
44.7310 +3.669995E-06 +7.896136E-09 50.0 50.0 
TI0.0 | 0 | 0.1260
45.0340 +3.668903E-06 +7.057762E-09 50.0 50.0 
16328 | 0 | 0.3030
45.1590 +3.745238E-06 +6.470898E-09 50.0 50.0 
16328 | 0 | 0.1250
45.2860 +3.673931E-06 +6.303225E-09 50.0 50.0 
16328 | 0 | 0.1270
45.4110 +3.661575E-06 +6.890088E-09 50.0 50.0 
16328 | 0 | 0.1250
45.5370 +3.643599E-06 +6.554742E-09 50.0 50.0 
16328 | 0 | 0.1260
45.8410 +3.625709E-06 +6.051721E-09 50.0 50.0 
16328 | 0 | 0.3040
45.9650 +3.653528E-06 +6.931993E-09 50.0 50.0 
16328 | 0 | 0.1240
46.0920 +3.673554E-06 +5.548698E-09 50.0 50.0 
16328 | 0 | 0.1270
46.2180 +3.693872E-06 +6.345140E-09 50.0 50.0 
TI0.0 | 0 | 0.1260
46.6500 +3.689683E-06 +6.135561E-09 50.0 50.0 
16328 | 0 | 0.4320
46.7740 +3.703340E-06 +5.339101E-09 50.0 50.0 
16328 | 0 | 0.1240
46.9000 +3.664295E-06 +6.638581E-09 50.0 50.0 
16328 | 0 | 0.1260
47.0260 +3.673639E-06 +7.351186E-09 50.0 50.0 
16328 | 0 | 0.1260
47.1520 +3.661027E-06 +6.890088E-09 50.0 50.0 
TI0.0 | 0 | 0.1260
47.4550 +3.680173E-06 +6.135556E-09 50.0 50.0 
16328 | 0 | 0.3030
47.5790 +3.661906E-06 +5.800207E-09 50.0 50.0 
16328 | 0 | 0.1240
47.7050 +3.647370E-06 +8.944086E-09 50.0 50.0 
16328 | 0 | 0.1260
47.8320 +3.658432E-06 +6.470905E-09 50.0 50.0 
16328 | 0 | 0.1270
47.9580 +3.643557E-06 +5.003749E-09 50.0 50.0 
TI0.0 | 0 | 0.1260
48.2460 +3.716832E-06 +6.428989E-09 50.0 50.0 
16328 | 0 | 0.2880
48.3690 +3.684448E-06 +7.351187E-09 50.0 50.0 
16328 | 0 | 0.1230
48.4960 +3.773603E-06 +5.925966E-09 50.0 50.0 
16328 | 0 | 0.1270
48.6210 +3.755715E-06 +6.009798E-09 50.0 50.0 
16328 | 0 | 0.1250
48.7470 +3.757516E-06 +6.680487E-09 50.0 50.0 
TI0.0 | 0 | 0.1260
49.0520 +3.760406E-06 +6.428976E-09 50.0 50.0 
16328 | 0 | 0.3050
49.1750 +3.724416E-06 +6.512819E-09 50.0 50.0 
16328 | 0 | 0.1230
49.3010 +3.723620E-06 +6.764327E-09 50.0 50.0 
16328 | 0 | 0.1260
49.4270 +3.718383E-06 +7.812290E-09 50.0 50.0 
16328 | 0 | 0.1260
49.5530 +3.674853E-06 +7.141598E-09 50.0 50.0 
TI0.0 | 0 | 0.1260
49.8580 +3.692618E-06 +6.428992E-09 50.0 50.0 
16328 | 0 | 0.3050
49.9820 +3.678790E-06 +6.387065E-09 50.0 50.0 
16328 | 0 | 0.1240
50.1080 +3.704223E-06 +6.554735E-09 50.0 50.0 
16328 | 0 | 0.1260
50.2340 +3.711469E-06 +6.009790E-09 50.0 50.0 
16328 | 0 | 0.1260
50.3590 +3.714529E-06 +6.470910E-09 50.0 50.0 
16328 | 0 | 0.1250
50.6630 +3.662370E-06 +6.345150E-09 50.0 50.0 
16328 | 0 | 0.3040
50.7870 +3.674893E-06 +6.303225E-09 50.0 50.0 
16328 | 0 | 0.1240
50.9120 +3.674519E-06 +2.949750E-09 50.0 50.0 
16328 | 0 | 0.1250
51.0380 +3.705730E-06 +7.644632E-09 50.0 50.0 
TI0.0 | 0 | 0.1260
51.4720 +3.747122E-06 +7.267354E-09 50.0 50.0 
16328 | 0 | 0.4340
51.6070 +3.714276E-06 +6.512820E-09 50.0 50.0 
16328 | 0 | 0.1350
51.7210 +3.708326E-06 +6.177474E-09 50.0 50.0 
16328 | 0 | 0.1140
51.8470 +3.683275E-06 +8.021862E-09 50.0 50.0 
16328 | 0 | 0.1260
51.9740 +3.689683E-06 +4.878001E-09 50.0 50.0 
TI0.0 | 0 | 0.1270
52.2770 +3.650973E-06 +8.776407E-09 50.0 50.0 
16328 | 0 | 0.3030
52.4010 +3.639032E-06 +6.512822E-09 50.0 50.0 
16328 | 0 | 0.1240
52.5270 +3.666180E-06 +7.560785E-09 50.0 50.0 
16328 | 0 | 0.1260
52.6510 +3.637062E-06 +6.554726E-09 50.0 50.0 
16328 | 0 | 0.1240
52.7780 +3.677283E-06 +6.345146E-09 50.0 50.0 
TI0.0 | 0 | 0.1270
53.0820 +3.652439E-06 +6.890088E-09 50.0 50.0 
16328 | 0 | 0.3040
53.2050 +3.682562E-06 +6.303231E-09 50.0 50.0 
16328 | 0 | 0.1230
53.3320 +3.667187E-06 +6.177462E-09 50.0 50.0 
16328 | 0 | 0.1270
53.4560 +3.681266E-06 +6.387066E-09 50.0 50.0 
16328 | 0 | 0.1240
53.5820 +3.708956E-06 +3.327012E-09 50.0 50.0 
TI0.0 | 0 | 0.1260
53.8890 +3.655288E-06 +5.381018E-09 50.0 50.0 
16328 | 0 | 0.3070
54.0110 +3.665217E-06 +6.428974E-09 50.0 50.0 
16328 | 0 | 0.1220
54.1360 +3.685661E-06 +6.722407E-09 50.0 50.0 
16328 | 0 | 0.1250
54.2630 +3.700452E-06 +6.470905E-09 50.0 50.0 
16328 | 0 | 0.1270
54.3890 +3.707910E-06 +7.183512E-09 50.0 50.0 
16328 | 0 | 0.1260
54.6940 +3.684824E-06 +7.644616E-09 50.0 50.0 
16328 | 0 | 0.3050
54.8170 +3.657971E-06 +6.219396E-09 50.0 50.0 
16328 | 0 | 0.1230
54.9430 +3.675271E-06 +6.973930E-09 50.0 50.0 
16328 | 0 | 0.1260
55.0690 +3.712688E-06 +2.782077E-09 50.0 50.0 
TI0.0 | 0 | 0.1260
55.4870 +3.680088E-06 +6.470900E-09 50.0 50.0 
16328 | 0 | 0.4180
55.6090 +3.669657E-06 +6.554740E-09 50.0 50.0 
16328 | 0 | 0.1220
55.7350 +3.645903E-06 +6.428984E-09 50.0 50.0 
16328 | 0 | 0.1260
55.8600 +3.652983E-06 +4.878008E-09 50.0 50.0 
16328 | 0 | 0.1250
55.9860 +3.652732E-06 +2.907834E-09 50.0 50.0 
TI0.0 | 0 | 0.1260
56.2940 +3.659311E-06 +3.285101E-09 50.0 50.0 
16328 | 0 | 0.3080
56.4150 +3.640541E-06 +6.890084E-09 50.0 50.0 
16328 | 0 | 0.1210
56.5410 +3.636473E-06 +5.884045E-09 50.0 50.0 
16328 | 0 | 0.1260
56.6670 +3.655622E-06 +7.770379E-09 50.0 50.0 
16328 | 0 | 0.1260
56.7930 +3.686416E-06 +6.219391E-09 50.0 50.0 
TI0.0 | 0 | 0.1260
57.1010 +3.658680E-06 +6.722414E-09 50.0 50.0 
16328 | 0 | 0.3080
57.2200 +3.656420E-06 +6.387065E-09 50.0 50.0 
16328 | 0 | 0.1190
57.3460 +3.647370E-06 +6.177474E-09 50.0 50.0 
16328 | 0 | 0.1260
57.4730 +3.623153E-06 +7.979962E-09 50.0 50.0 
16328 | 0 | 0.1270
57.5990 +3.616952E-06 +6.051715E-09 50.0 50.0 
TI0.0 | 0 | 0.1260
57.9050 +3.646781E-06 +6.512811E-09 50.0 50.0 
16328 | 0 | 0.3060
58.0270 +3.657133E-06 +5.422925E-09 50.0 50.0 
16328 | 0 | 0.1220
58.1520 +3.642675E-06 +6.596646E-09 50.0 50.0 
16328 | 0 | 0.1250
58.2790 +3.673641E-06 +6.638578E-09 50.0 50.0 
16328 | 0 | 0.1270
58.4040 +3.653781E-06 +7.393104E-09 50.0 50.0 
16328 | 0 | 0.1250
58.7130 +3.630736E-06 +6.722411E-09 50.0 50.0 
16328 | 0 | 0.3090
58.8330 +3.612804E-06 +6.093631E-09 50.0 50.0 
16328 | 0 | 0.1200
58.9590 +3.633460E-06 +6.596662E-09 50.0 50.0 
16328 | 0 | 0.1260
59.0860 +3.643766E-06 +6.806251E-09 50.0 50.0 
TI0.0 | 0 | 0.1270
59.5050 +3.603631E-06 +6.554740E-09 50.0 50.0 
16328 | 0 | 0.4190
59.6250 +3.642509E-06 +7.267354E-09 50.0 50.0 
16328 | 0 | 0.1200
59.7510 +3.628264E-06 +5.674444E-09 50.0 50.0 
16328 | 0 | 0.1260
59.8780 +3.627971E-06 +4.542655E-09 50.0 50.0 
16328 | 0 | 0.1270
60.0090 +3.630402E-06 +5.506777E-09 50.0 50.0 
TI0.0 | 0 | 0.1310
60.3120 +3.677827E-06 +7.351193E-09 50.0 50.0 
16328 | 0 | 0.3030
60.4300 +3.683611E-06 +9.195606E-09 50.0 50.0 
16328 | 0 | 0.1180
60.5580 +3.656210E-06 +5.632527E-09 50.0 50.0 
16328 | 0 | 0.1280
60.6830 +3.685410E-06 +8.986007E-09 50.0 50.0 
16328 | 0 | 0.1250
60.8090 +3.667480E-06 +5.925965E-09 50.0 50.0 
TI0.0 | 0 | 0.1260
61.1160 +3.652857E-06 +2.362891E-09 50.0 50.0 
16328 | 0 | 0.3070
61.2360 +3.691739E-06 +3.159342E-09 50.0 50.0 
16328 | 0 | 0.1200
61.3690 +3.690816E-06 +7.351193E-09 50.0 50.0 
16328 | 0 | 0.1330
61.4880 +3.663750E-06 +6.638580E-09 50.0 50.0 
16328 | 0 | 0.1190
61.6150 +3.688724E-06 +5.842115E-09 50.0 50.0 
TI0.0 | 0 | 0.1270
61.9240 +3.630068E-06 +6.135551E-09 50.0 50.0 
16328 | 0 | 0.3090
62.0430 +3.654029E-06 +6.512818E-09 50.0 50.0 
16328 | 0 | 0.1190
62.1690 +3.654031E-06 +6.806246E-09 50.0 50.0 
16328 | 0 | 0.1260
62.2950 +3.649756E-06 +6.428980E-09 50.0 50.0 
16328 | 0 | 0.1260
62.4210 +3.654870E-06 +6.554737E-09 50.0 50.0 
TI0.0 | 0 | 0.1260
62.7300 +3.659225E-06 +8.608732E-09 50.0 50.0 
16328 | 0 | 0.3090
62.8490 +3.627175E-06 +7.351186E-09 50.0 50.0 
16328 | 0 | 0.1190
62.9990 +3.646195E-06 +9.069842E-09 50.0 50.0 
16328 | 0 | 0.1500
63.1170 +3.650889E-06 +9.237526E-09 50.0 50.0 
16328 | 0 | 0.1180
63.2420 +3.624536E-06 +6.973923E-09 50.0 50.0 
16328 | 0 | 0.1250
63.5360 +3.687461E-06 +8.441065E-09 50.0 50.0 
16328 | 0 | 0.2940
63.6550 +3.625119E-06 +5.548689E-09 50.0 50.0 
16328 | 0 | 0.1190
63.7810 +3.624032E-06 +7.393107E-09 50.0 50.0 
16328 | 0 | 0.1260
63.9070 +3.620219E-06 +3.033588E-09 50.0 50.0 
TI0.0 | 0 | 0.1260
64.3450 +3.611297E-06 +4.500730E-09 50.0 50.0 
16328 | 0 | 0.4380
64.4630 +3.662408E-06 +5.422945E-09 50.0 50.0 
16328 | 0 | 0.1180
64.5910 +3.606060E-06 +6.554734E-09 50.0 50.0 
16328 | 0 | 0.1280
64.7150 +3.617412E-06 +7.476940E-09 50.0 50.0 
16328 | 0 | 0.1240
64.8420 +3.632790E-06 +6.512824E-09 50.0 50.0 
TI0.0 | 0 | 0.1270
65.1510 +3.651766E-06 +6.554737E-09 50.0 50.0 
16328 | 0 | 0.3090
65.2700 +3.645106E-06 +6.177469E-09 50.0 50.0 
16328 | 0 | 0.1190
65.3980 +3.644436E-06 +6.345143E-09 50.0 50.0 
16328 | 0 | 0.1280
65.5220 +3.634673E-06 +6.638581E-09 50.0 50.0 
16328 | 0 | 0.1240
65.6480 +3.629603E-06 +6.177474E-09 50.0 50.0 
TI0.0 | 0 | 0.1260
65.9430 +3.644688E-06 +6.177471E-09 50.0 50.0 
16328 | 0 | 0.2950
66.0600 +3.680801E-06 +5.548690E-09 50.0 50.0 
16328 | 0 | 0.1170
66.1930 +3.658347E-06 +6.261302E-09 50.0 50.0 
16328 | 0 | 0.1330
66.3120 +3.664462E-06 +7.518861E-09 50.0 50.0 
16328 | 0 | 0.1190
66.4380 +3.690690E-06 +8.818327E-09 50.0 50.0 
TI0.0 | 0 | 0.1260
66.7480 +3.652561E-06 +9.279434E-09 50.0 50.0 
16328 | 0 | 0.3100
66.8650 +3.622899E-06 +6.973927E-09 50.0 50.0 
16328 | 0 | 0.1170
66.9930 +3.642635E-06 +6.219381E-09 50.0 50.0 
16328 | 0 | 0.1280
67.1180 +3.661696E-06 +6.596660E-09 50.0 50.0 
16328 | 0 | 0.1250
67.2430 +3.646781E-06 +5.674437E-09 50.0 50.0 
16328 | 0 | 0.1250
67.5550 +3.653068E-06 +6.093630E-09 50.0 50.0 
16328 | 0 | 0.3120
67.6720 +3.639744E-06 +6.051713E-09 50.0 50.0 
16328 | 0 | 0.1170
67.7980 +3.670411E-06 +7.309269E-09 50.0 50.0 
16328 | 0 | 0.1260
67.9240 +3.665383E-06 +3.368943E-09 50.0 50.0 
TI0.0 | 0 | 0.1260
68.3640 +3.645987E-06 +7.099670E-09 50.0 50.0 
16328 | 0 | 0.4400
68.4810 +3.664212E-06 +5.925960E-09 50.0 50.0 
16328 | 0 | 0.1170
68.6060 +3.627425E-06 +6.177464E-09 50.0 50.0 
16328 | 0 | 0.1250
68.7320 +3.616450E-06 +5.842124E-09 50.0 50.0 
16328 | 0 | 0.1260
68.8590 +3.622564E-06 +5.758283E-09 50.0 50.0 
TI0.0 | 0 | 0.1270
69.1710 +3.635721E-06 +9.447112E-09 50.0 50.0 
16328 | 0 | 0.3120
69.2860 +3.622736E-06 +5.506767E-09 50.0 50.0 
16328 | 0 | 0.1150
69.4120 +3.568228E-06 +6.428976E-09 50.0 50.0 
16328 | 0 | 0.1260
69.5380 +3.610667E-06 +7.393107E-09 50.0 50.0 
16328 | 0 | 0.1260
69.6640 +3.620094E-06 +6.051708E-09 50.0 50.0 
TI0.0 | 0 | 0.1260
69.9770 +3.652272E-06 +7.351192E-09 50.0 50.0 
16328 | 0 | 0.3130
70.0930 +3.641630E-06 +6.219395E-09 50.0 50.0 
16328 | 0 | 0.1160
70.2190 +3.652060E-06 +6.764331E-09 50.0 50.0 
16328 | 0 | 0.1260
70.3450 +3.635008E-06 +3.033588E-09 50.0 50.0 
16328 | 0 | 0.1260
70.4710 +3.606561E-06 +3.075508E-09 50.0 50.0 
TI0.0 | 0 | 0.1260
70.7830 +3.655499E-06 +3.285102E-09 50.0 50.0 
16328 | 0 | 0.3120
70.9000 +3.611717E-06 +6.093634E-09 50.0 50.0 
16328 | 0 | 0.1170
71.0250 +3.627174E-06 +4.416897E-09 50.0 50.0 
16328 | 0 | 0.1250
71.1510 +3.649043E-06 +5.213353E-09 50.0 50.0 
16328 | 0 | 0.1260
71.2770 +3.677870E-06 +8.524898E-09 50.0 50.0 
TI0.0 | 0 | 0.1260
71.5900 +3.653486E-06 +8.776421E-09 50.0 50.0 
16328 | 0 | 0.3130
71.7150 +3.637397E-06 +6.093637E-09 50.0 50.0 
16328 | 0 | 0.1250
71.8310 +3.623488E-06 +3.536611E-09 50.0 50.0 
16328 | 0 | 0.1160
71.9570 +3.615610E-06 +6.512815E-09 50.0 50.0 
16328 | 0 | 0.1260
72.0830 +3.602458E-06 +6.596651E-09 50.0 50.0 
16328 | 0 | 0.1260
72.3970 +3.567305E-06 +6.261304E-09 50.0 50.0 
16328 | 0 | 0.3140
72.5130 +3.576647E-06 +6.261307E-09 50.0 50.0 
16328 | 0 | 0.1160
72.6370 +3.567931E-06 +5.842119E-09 50.0 50.0 
16328 | 0 | 0.1240
72.7630 +3.562151E-06 +6.722408E-09 50.0 50.0 
TI0.0 | 0 | 0.1260
73.1900 +3.632580E-06 +2.907827E-09 50.0 50.0 
16328 | 0 | 0.4270
73.3050 +3.605764E-06 +5.129509E-09 50.0 50.0 
16328 | 0 | 0.1150
73.4290 +3.612719E-06 +8.986005E-09 50.0 50.0 
16328 | 0 | 0.1240
73.5560 +3.583893E-06 +7.644618E-09 50.0 50.0 
16328 | 0 | 0.1270
73.6810 +3.562318E-06 +5.967878E-09 50.0 50.0 
TI0.0 | 0 | 0.1250
73.9950 +3.610416E-06 +6.428969E-09 50.0 50.0 
16328 | 0 | 0.3140
74.1100 +3.614270E-06 +6.722411E-09 50.0 50.0 
16328 | 0 | 0.1150
74.2350 +3.613013E-06 +5.548684E-09 50.0 50.0 
16328 | 0 | 0.1250
74.3900 +3.618291E-06 +3.830033E-09 50.0 50.0 TI0.0 | 0 | 0.1550
74.8040 +3.627760E-06 +4.207289E-09 50.0 50.0 16328 | 0 | 0.4140
74.9320 +3.635680E-06 +5.129504E-09 50.0 50.0 
16328 | 0 | 0.1280
75.0590 +3.648836E-06 +9.614791E-09 50.0 50.0 
16328 | 0 | 0.1270
75.1850 +3.663415E-06 +3.871953E-09 50.0 50.0 
TI0.0 | 0 | 0.1260
75.6110 +3.670457E-06 +4.249219E-09 50.0 50.0 
16328 | 0 | 0.4260
75.7380 +3.658093E-06 +4.374979E-09 50.0 50.0 
16328 | 0 | 0.1270
75.8660 +3.660315E-06 +7.267346E-09 50.0 50.0 
16328 | 0 | 0.1280
75.9920 +3.658513E-06 +6.848166E-09 50.0 50.0 
16328 | 0 | 0.1260
76.1170 +3.617537E-06 +6.470909E-09 50.0 50.0 
16328 | 0 | 0.1250
76.4180 +3.660481E-06 +6.596660E-09 50.0 50.0 
16328 | 0 | 0.3010
76.5460 +3.700241E-06 +6.848164E-09 50.0 50.0 
16328 | 0 | 0.1280
76.6720 +3.657172E-06 +5.716372E-09 50.0 50.0 
16328 | 0 | 0.1260
76.7980 +3.659475E-06 +5.716369E-09 50.0 50.0 
TI0.0 | 0 | 0.1260
77.2090 +3.669865E-06 +7.057762E-09 50.0 50.0 
16328 | 0 | 0.4110
77.3380 +3.673094E-06 +5.129517E-09 50.0 50.0 
16328 | 0 | 0.1290
77.4640 +3.644604E-06 +5.590606E-09 50.0 50.0 
16328 | 0 | 0.1260
77.5900 +3.646612E-06 +6.596659E-09 50.0 50.0 
16328 | 0 | 0.1260
77.7170 +3.626884E-06 +6.512820E-09 50.0 50.0 
TI0.0 | 0 | 0.1270
78.0160 +3.581548E-06 +5.967878E-09 50.0 50.0 
16328 | 0 | 0.2990
78.1440 +3.582974E-06 +7.015848E-09 50.0 50.0 
16328 | 0 | 0.1280
78.2710 +3.617705E-06 +6.848173E-09 50.0 50.0 
16328 | 0 | 0.1270
78.3970 +3.631700E-06 +7.351178E-09 50.0 50.0 
16328 | 0 | 0.1260
78.5230 +3.612887E-06 +7.938050E-09 50.0 50.0 
TI0.0 | 0 | 0.1260
78.8220 +3.584313E-06 +6.596666E-09 50.0 50.0 
16328 | 0 | 0.2990
78.9510 +3.579663E-06 +6.764334E-09 50.0 50.0 
16328 | 0 | 0.1290
79.0760 +3.590513E-06 +6.135545E-09 50.0 50.0 
16328 | 0 | 0.1250
79.2030 +3.586448E-06 +6.177467E-09 50.0 50.0 
16328 | 0 | 0.1270
79.3280 +3.596758E-06 +6.554742E-09 50.0 50.0 
TI0.0 | 0 | 0.1250
79.6290 +3.587791E-06 +6.848161E-09 50.0 50.0 
16328 | 0 | 0.3010
79.7570 +3.576775E-06 +4.374983E-09 50.0 50.0 
16328 | 0 | 0.1280
79.8830 +3.600780E-06 +6.680489E-09 50.0 50.0 
16328 | 0 | 0.1260
80.0100 +3.570321E-06 +6.303228E-09 50.0 50.0 
16328 | 0 | 0.1270
80.1350 +3.587752E-06 +7.644620E-09 50.0 50.0 
16328 | 0 | 0.1250
80.4360 +3.589302E-06 +6.806251E-09 50.0 50.0 
16328 | 0 | 0.3010
80.5630 +3.566342E-06 +4.877997E-09 50.0 50.0 
16328 | 0 | 0.1270
80.6900 +3.601534E-06 +5.087581E-09 50.0 50.0 
16328 | 0 | 0.1270
80.8160 +3.625958E-06 +6.764324E-09 50.0 50.0 
TI0.0 | 0 | 0.1260
81.2440 +3.630609E-06 +8.902177E-09 50.0 50.0 
16328 | 0 | 0.4280
81.3710 +3.611547E-06 +7.393099E-09 50.0 50.0 
16328 | 0 | 0.1270
81.4970 +3.597805E-06 +9.153684E-09 50.0 50.0 
16328 | 0 | 0.1260
81.6250 +3.580040E-06 +7.015842E-09 50.0 50.0 
16328 | 0 | 0.1280
81.7500 +3.596338E-06 +6.345145E-09 50.0 50.0 
TI0.0 | 0 | 0.1250
82.0510 +3.677995E-06 +6.387072E-09 50.0 50.0 
16328 | 0 | 0.3010
82.1780 +3.660608E-06 +5.464857E-09 50.0 50.0 
16328 | 0 | 0.1270
82.3040 +3.642256E-06 +7.015845E-09 50.0 50.0 
16328 | 0 | 0.1260
82.4300 +3.657171E-06 +6.512820E-09 50.0 50.0 
16328 | 0 | 0.1260
82.5560 +3.625330E-06 +6.051715E-09 50.0 50.0 
TI0.0 | 0 | 0.1260
82.8420 +3.575682E-06 +6.554746E-09 50.0 50.0 
16328 | 0 | 0.2860
82.9680 +3.616534E-06 +5.967880E-09 50.0 50.0 
16328 | 0 | 0.1260
83.0940 +3.637772E-06 +7.015838E-09 50.0 50.0 
16328 | 0 | 0.1260
83.2200 +3.616324E-06 +6.722411E-09 50.0 50.0 
16328 | 0 | 0.1260
83.3460 +3.609535E-06 +5.967880E-09 50.0 50.0 
TI0.0 | 0 | 0.1260
83.6490 +3.637607E-06 +2.949752E-09 50.0 50.0 
16328 | 0 | 0.3030
83.7740 +3.626296E-06 +8.566817E-09 50.0 50.0 
16328 | 0 | 0.1250
83.9010 +3.646740E-06 +7.057758E-09 50.0 50.0 
16328 | 0 | 0.1270
84.0270 +3.644979E-06 +6.387071E-09 50.0 50.0 
16328 | 0 | 0.1260
84.1520 +3.623866E-06 +6.722414E-09 50.0 50.0 
TI0.0 | 0 | 0.1250
84.4520 +3.574301E-06 +6.093637E-09 50.0 50.0 
16328 | 0 | 0.3000
84.5780 +3.579119E-06 +5.967881E-09 50.0 50.0 
16328 | 0 | 0.1260
84.7040 +3.567387E-06 +7.854210E-09 50.0 50.0 
16328 | 0 | 0.1260
84.8300 +3.593781E-06 +7.015839E-09 50.0 50.0 
16328 | 0 | 0.1260
84.9560 +3.590430E-06 +6.177475E-09 50.0 50.0 
16328 | 0 | 0.1260
85.2590 +3.562403E-06 +6.764324E-09 50.0 50.0 
16328 | 0 | 0.3030
85.3840 +3.590935E-06 +6.009793E-09 50.0 50.0 
16328 | 0 | 0.1250
85.5120 +3.608362E-06 +6.596662E-09 50.0 50.0 
16328 | 0 | 0.1280
85.6390 +3.622817E-06 +5.590611E-09 50.0 50.0 
TI0.0 | 0 | 0.1270
86.0680 +3.593406E-06 +6.806248E-09 50.0 50.0 
16328 | 0 | 0.4290
86.1930 +3.598351E-06 +6.261303E-09 50.0 50.0 
16328 | 0 | 0.1250
86.3190 +3.609369E-06 +5.884040E-09 50.0 50.0 
16328 | 0 | 0.1260
86.4440 +3.566718E-06 +6.093639E-09 50.0 50.0 
16328 | 0 | 0.1250
86.5700 +3.564370E-06 +6.512818E-09 50.0 50.0 
TI0.0 | 0 | 0.1260
86.8730 +3.552974E-06 +7.183512E-09 50.0 50.0 
16328 | 0 | 0.3030
86.9980 +3.576187E-06 +6.973925E-09 50.0 50.0 
16328 | 0 | 0.1250
87.1260 +3.554859E-06 +6.512813E-09 50.0 50.0 
16328 | 0 | 0.1280
87.2510 +3.564582E-06 +6.470904E-09 50.0 50.0 
16328 | 0 | 0.1250
87.3760 +3.556495E-06 +4.542657E-09 50.0 50.0 
TI0.0 | 0 | 0.1250
87.6810 +3.586114E-06 +7.099677E-09 50.0 50.0 
16328 | 0 | 0.3050
87.8050 +3.575053E-06 +6.261308E-09 50.0 50.0 
16328 | 0 | 0.1240
87.9320 +3.593781E-06 +8.566824E-09 50.0 50.0 
16328 | 0 | 0.1270
88.0580 +3.533662E-06 +3.997714E-09 50.0 50.0 
16328 | 0 | 0.1260
88.1830 +3.523816E-06 +5.297189E-09 50.0 50.0 
TI0.0 | 0 | 0.1250
88.4870 +3.550339E-06 +6.177477E-09 50.0 50.0 
16328 | 0 | 0.3040
88.6110 +3.539443E-06 +6.764334E-09 50.0 50.0 
16328 | 0 | 0.1240
88.7370 +3.582930E-06 +9.111757E-09 50.0 50.0 
16328 | 0 | 0.1260
88.8630 +3.593321E-06 +2.949751E-09 50.0 50.0 
16328 | 0 | 0.1260
88.9890 +3.626169E-06 +6.806255E-09 50.0 50.0 
16328 | 0 | 0.1260
89.2940 +3.626673E-06 +6.973922E-09 50.0 50.0 
16328 | 0 | 0.3050
89.4170 +3.570908E-06 +5.339110E-09 50.0 50.0 
16328 | 0 | 0.1230
89.5440 +3.585614E-06 +7.560780E-09 50.0 50.0 
16328 | 0 | 0.1270
89.6700 +3.636101E-06 +7.267342E-09 50.0 50.0 
TI0.0 | 0 | 0.1260
90.0860 +3.500650E-06 +5.464860E-09 50.0 50.0 
16328 | 0 | 0.4160
90.2090 +3.550547E-06 +5.800207E-09 50.0 50.0 
16328 | 0 | 0.1230
90.3350 +3.545057E-06 +7.309263E-09 50.0 50.0 
16328 | 0 | 0.1260
90.4610 +3.563199E-06 +6.051716E-09 50.0 50.0 
16328 | 0 | 0.1260
90.5870 +3.555950E-06 +5.674454E-09 50.0 50.0 
TI0.0 | 0 | 0.1260
90.8930 +3.534207E-06 +6.387070E-09 50.0 50.0 
16328 | 0 | 0.3060
91.0160 +3.545645E-06 +7.267352E-09 50.0 50.0 
16328 | 0 | 0.1230
91.1420 +3.563911E-06 +3.997718E-09 50.0 50.0 
16328 | 0 | 0.1260
91.2680 +3.556496E-06 +8.692583E-09 50.0 50.0 
16328 | 0 | 0.1260
91.3930 +3.562612E-06 +6.722424E-09 50.0 50.0 
TI0.0 | 0 | 0.1250
91.6970 +3.592401E-06 +5.800210E-09 50.0 50.0 
16328 | 0 | 0.3040
91.8220 +3.592067E-06 +5.129515E-09 50.0 50.0 
16328 | 0 | 0.1250
91.9460 +3.579916E-06 +9.237525E-09 50.0 50.0 
16328 | 0 | 0.1240
92.0730 +3.587623E-06 +6.177471E-09 50.0 50.0 
16328 | 0 | 0.1270
92.1980 +3.638988E-06 +8.231472E-09 50.0 50.0 
TI0.0 | 0 | 0.1250
92.5040 +3.623112E-06 +6.931995E-09 50.0 50.0 
16328 | 0 | 0.3060
92.6280 +3.594454E-06 +4.710326E-09 50.0 50.0 
16328 | 0 | 0.1240
92.7530 +3.625625E-06 +6.932003E-09 50.0 50.0 
16328 | 0 | 0.1250
92.8790 +3.660062E-06 +8.441074E-09 50.0 50.0 
16328 | 0 | 0.1260
93.0050 +3.588209E-06 +8.399153E-09 50.0 50.0 
16328 | 0 | 0.1260
93.3110 +3.650343E-06 +7.518863E-09 50.0 50.0 
16328 | 0 | 0.3060
93.4350 +3.646825E-06 +7.057755E-09 50.0 50.0 
16328 | 0 | 0.1240
93.5600 +3.657843E-06 +7.057758E-09 50.0 50.0 
16328 | 0 | 0.1250
93.6860 +3.616950E-06 +4.877997E-09 50.0 50.0 
TI0.0 | 0 | 0.1260
94.1030 +3.666473E-06 +6.512820E-09 50.0 50.0 
16328 | 0 | 0.4170
94.2270 +3.663119E-06 +8.692579E-09 50.0 50.0 
16328 | 0 | 0.1240
94.3520 +3.632997E-06 +6.890093E-09 50.0 50.0 
16328 | 0 | 0.1250
94.4780 +3.655834E-06 +6.261312E-09 50.0 50.0 
16328 | 0 | 0.1260
94.6050 +3.630568E-06 +6.428983E-09 50.0 50.0 
TI0.0 | 0 | 0.1270
94.9090 +3.643766E-06 +5.674448E-09 50.0 50.0 
16328 | 0 | 0.3040
95.0330 +3.652480E-06 +6.806258E-09 50.0 50.0 
16328 | 0 | 0.1240
95.1580 +3.633334E-06 +6.973922E-09 50.0 50.0 
16328 | 0 | 0.1250
95.2840 +3.623069E-06 +6.596662E-09 50.0 50.0 
16328 | 0 | 0.1260
95.4110 +3.643053E-06 +7.225442E-09 50.0 50.0 
TI0.0 | 0 | 0.1270
95.7160 +3.610543E-06 +7.560780E-09 50.0 50.0 
16328 | 0 | 0.3050
95.8380 +3.595503E-06 +6.890087E-09 50.0 50.0 
16328 | 0 | 0.1220
95.9640 +3.565712E-06 +7.476943E-09 50.0 50.0 
16328 | 0 | 0.1260
96.0900 +3.565043E-06 +6.093642E-09 50.0 50.0 
16328 | 0 | 0.1260
96.2180 +3.579831E-06 +7.267349E-09 50.0 50.0 
TI0.0 | 0 | 0.1280
96.5230 +3.555952E-06 +7.518861E-09 50.0 50.0 
16328 | 0 | 0.3050
96.6440 +3.554943E-06 +6.973923E-09 50.0 50.0 
16328 | 0 | 0.1210
96.7700 +3.588170E-06 +5.967875E-09 50.0 50.0 
16328 | 0 | 0.1260
96.8960 +3.543255E-06 +6.932002E-09 50.0 50.0 
16328 | 0 | 0.1260
97.0230 +3.566636E-06 +7.602702E-09 50.0 50.0 
TI0.0 | 0 | 0.1270
97.3300 +3.575347E-06 +6.722425E-09 50.0 50.0 
16328 | 0 | 0.3070
97.4500 +3.560603E-06 +6.387072E-09 50.0 50.0 
16328 | 0 | 0.1200
97.5760 +3.545057E-06 +6.135556E-09 50.0 50.0 
16328 | 0 | 0.1260
97.7020 +3.586785E-06 +2.740155E-09 50.0 50.0 
16328 | 0 | 0.1260
97.8280 +3.581967E-06 +6.848173E-09 50.0 50.0 
16328 | 0 | 0.1260
98.1360 +3.591104E-06 +3.410850E-09 50.0 50.0 
16328 | 0 | 0.3080
98.2570 +3.567597E-06 +6.764328E-09 50.0 50.0 
16328 | 0 | 0.1210
98.3830 +3.556957E-06 +7.476946E-09 50.0 50.0 
16328 | 0 | 0.1260
98.5090 +3.587875E-06 +6.680499E-09 50.0 50.0 
TI0.0 | 0 | 0.1260
98.9440 +3.495955E-06 +5.087594E-09 50.0 50.0 
16328 | 0 | 0.4350
99.0650 +3.479488E-06 +6.428983E-09 50.0 50.0 
16328 | 0 | 0.1210
99.1910 +3.485229E-06 +8.818322E-09 50.0 50.0 
16328 | 0 | 0.1260
99.3170 +3.507939E-06 +6.638574E-09 50.0 50.0 
16328 | 0 | 0.1260
99.4430 +3.508313E-06 +7.938056E-09 50.0 50.0 
TI0.0 | 0 | 0.1260
99.7500 +3.520589E-06 +4.626497E-09 50.0 50.0 
16328 | 0 | 0.3070
99.8710 +3.517951E-06 +2.488649E-09 50.0 50.0 
16328 | 0 | 0.1210
99.9970 +3.474338E-06 +4.668404E-09 50.0 50.0 
16328 | 0 | 0.1260
100.1240 +3.477565E-06 +9.027930E-09 50.0 50.0 
16328 | 0 | 0.1270
100.2490 +3.503288E-06 +7.602702E-09 50.0 50.0 
TI0.0 | 0 | 0.1250
100.5570 +3.494237E-06 +6.219391E-09 50.0 50.0 
16328 | 0 | 0.3080
100.6780 +3.493526E-06 +8.902164E-09 50.0 50.0 
16328 | 0 | 0.1210
100.8030 +3.491306E-06 +6.848171E-09 50.0 50.0 
16328 | 0 | 0.1250
100.9310 +3.495788E-06 +6.261311E-09 50.0 50.0 
16328 | 0 | 0.1280
101.0560 +3.540322E-06 +6.303230E-09 50.0 50.0 
TI0.0 | 0 | 0.1250
101.3480 +3.497462E-06 +5.842122E-09 50.0 50.0 
16328 | 0 | 0.2920
101.4680 +3.530814E-06 +6.722408E-09 50.0 50.0 
16328 | 0 | 0.1200
101.5940 +3.540406E-06 +6.135547E-09 50.0 50.0 
16328 | 0 | 0.1260
101.7210 +3.529180E-06 +7.057769E-09 50.0 50.0 
16328 | 0 | 0.1270
101.8460 +3.499139E-06 +6.470904E-09 50.0 50.0 
16328 | 0 | 0.1250
102.1540 +3.485313E-06 +6.596662E-09 50.0 50.0 
16328 | 0 | 0.3080
102.2740 +3.516860E-06 +7.057765E-09 50.0 50.0 
16328 | 0 | 0.1200
102.4000 +3.553939E-06 +6.848168E-09 50.0 50.0 
16328 | 0 | 0.1260
102.5270 +3.485774E-06 +6.303225E-09 50.0 50.0 
TI0.0 | 0 | 0.1270
102.9630 +3.497756E-06 +4.039627E-09 50.0 50.0 
16328 | 0 | 0.4360
103.0820 +3.474421E-06 +6.051709E-09 50.0 50.0 
16328 | 0 | 0.1190
103.2070 +3.490551E-06 +7.770375E-09 50.0 50.0 
16328 | 0 | 0.1250
103.3340 +3.503622E-06 +6.219393E-09 50.0 50.0 
16328 | 0 | 0.1270
103.4600 +3.538439E-06 +6.261311E-09 50.0 50.0 
TI0.0 | 0 | 0.1260
103.7690 +3.570235E-06 +6.973922E-09 50.0 50.0 
16328 | 0 | 0.3090
103.8880 +3.572123E-06 +6.722413E-09 50.0 50.0 
16328 | 0 | 0.1190
104.0140 +3.526203E-06 +4.919923E-09 50.0 50.0 
16328 | 0 | 0.1260
104.1400 +3.536677E-06 +8.650659E-09 50.0 50.0 
16328 | 0 | 0.1260
104.2660 +3.520422E-06 +7.602696E-09 50.0 50.0 
TI0.0 | 0 | 0.1260
104.5750 +3.530645E-06 +6.512811E-09 50.0 50.0 
16328 | 0 | 0.3090
104.6940 +3.545728E-06 +6.554731E-09 50.0 50.0 
16328 | 0 | 0.1190
104.8200 +3.545601E-06 +6.596659E-09 50.0 50.0 
16328 | 0 | 0.1260
104.9460 +3.509321E-06 +7.267349E-09 50.0 50.0 
16328 | 0 | 0.1260
105.0720 +3.491891E-06 +5.967881E-09 50.0 50.0 
TI0.0 | 0 | 0.1260
105.3820 +3.493273E-06 +6.345140E-09 50.0 50.0 
16328 | 0 | 0.3100
105.5000 +3.522811E-06 +6.973922E-09 50.0 50.0 
16328 | 0 | 0.1180
105.6260 +3.491471E-06 +7.644618E-09 50.0 50.0 
16328 | 0 | 0.1260
105.7520 +3.499601E-06 +6.554737E-09 50.0 50.0 
16328 | 0 | 0.1260
105.8790 +3.519670E-06 +6.009801E-09 50.0 50.0 
TI0.0 | 0 | 0.1270
106.1890 +3.494069E-06 +7.225432E-09 50.0 50.0 
16328 | 0 | 0.3100
106.3070 +3.521095E-06 +6.722411E-09 50.0 50.0 
16328 | 0 | 0.1180
106.4340 +3.577315E-06 +6.051713E-09 50.0 50.0 
16328 | 0 | 0.1270
106.5590 +3.567181E-06 +5.925962E-09 50.0 50.0 
16328 | 0 | 0.1250
106.6850 +3.581969E-06 +5.590616E-09 50.0 50.0 
16328 | 0 | 0.1260
106.9950 +3.531735E-06 +7.141609E-09 50.0 50.0 
16328 | 0 | 0.3100
107.1120 +3.563996E-06 +6.680495E-09 50.0 50.0 
16328 | 0 | 0.1170
107.2400 +3.555782E-06 +6.051716E-09 50.0 50.0 
16328 | 0 | 0.1280
107.3650 +3.546232E-06 +4.249219E-09 50.0 50.0 
TI0.0 | 0 | 0.1250
107.7870 +3.566256E-06 +7.225439E-09 50.0 50.0 
16328 | 0 | 0.4220
107.9050 +3.578869E-06 +6.303217E-09 50.0 50.0 
16328 | 0 | 0.1180
108.0330 +3.550296E-06 +6.261296E-09 50.0 50.0 
16328 | 0 | 0.1280
108.1570 +3.579414E-06 +6.135560E-09 50.0 50.0 
16328 | 0 | 0.1240
108.2820 +3.568015E-06 +6.428984E-09 50.0 50.0 
TI0.0 | 0 | 0.1250
108.5940 +3.572205E-06 +7.099677E-09 50.0 50.0 
16328 | 0 | 0.3120
108.7110 +3.604844E-06 +7.770367E-09 50.0 50.0 
16328 | 0 | 0.1170
108.8390 +3.567221E-06 +6.638571E-09 50.0 50.0 
16328 | 0 | 0.1280
108.9630 +3.563407E-06 +6.638571E-09 50.0 50.0 
16328 | 0 | 0.1240
109.0890 +3.532697E-06 +5.129510E-09 50.0 50.0 
TI0.0 | 0 | 0.1260
109.4020 +3.525490E-06 +7.476946E-09 50.0 50.0 
16328 | 0 | 0.3130
109.5180 +3.543129E-06 +6.303225E-09 50.0 50.0 
16328 | 0 | 0.1160
109.6450 +3.518160E-06 +7.099689E-09 50.0 50.0 
16328 | 0 | 0.1270
109.7700 +3.555743E-06 +6.303225E-09 50.0 50.0 
16328 | 0 | 0.1250
109.8960 +3.504838E-06 +6.428986E-09 50.0 50.0 
TI0.0 | 0 | 0.1260
110.2080 +3.478442E-06 +6.890081E-09 50.0 50.0 
16328 | 0 | 0.3120
110.3230 +3.521846E-06 +6.219389E-09 50.0 50.0 
16328 | 0 | 0.1150
110.4510 +3.493315E-06 +3.536609E-09 50.0 50.0 
16328 | 0 | 0.1280
110.5760 +3.515102E-06 +6.512819E-09 50.0 50.0 
16328 | 0 | 0.1250
110.7030 +3.463319E-06 +6.303231E-09 50.0 50.0 
16328 | 0 | 0.1270
111.0150 +3.484725E-06 +6.345152E-09 50.0 50.0 
16328 | 0 | 0.3120
111.1390 +3.502867E-06 +7.267352E-09 50.0 50.0 
16328 | 0 | 0.1240
111.2560 +3.482045E-06 +4.249218E-09 50.0 50.0 
16328 | 0 | 0.1170
111.3820 +3.500478E-06 +6.135553E-09 50.0 50.0 
TI0.0 | 0 | 0.1260
111.8210 +3.508816E-06 +7.435025E-09 50.0 50.0 
16328 | 0 | 0.4390
111.9380 +3.492477E-06 +6.848169E-09 50.0 50.0 
16328 | 0 | 0.1170
112.0640 +3.535256E-06 +3.536615E-09 50.0 50.0 
16328 | 0 | 0.1260
112.1900 +3.571034E-06 +9.111758E-09 50.0 50.0 
16328 | 0 | 0.1260
112.3160 +3.544093E-06 +6.806243E-09 50.0 50.0 
TI0.0 | 0 | 0.1260
112.6120 +3.515938E-06 +6.387070E-09 50.0 50.0 
16328 | 0 | 0.2960
112.7290 +3.489209E-06 +7.476941E-09 50.0 50.0 
16328 | 0 | 0.1170
112.8540 +3.473123E-06 +7.435021E-09 50.0 50.0 
16328 | 0 | 0.1250
112.9800 +3.491054E-06 +3.285098E-09 50.0 50.0 
16328 | 0 | 0.1260
113.1070 +3.470439E-06 +7.225427E-09 50.0 50.0 
TI0.0 | 0 | 0.1270
113.4190 +3.531818E-06 +6.051715E-09 50.0 50.0 
16328 | 0 | 0.3120
113.5340 +3.556744E-06 +6.177467E-09 50.0 50.0 
16328 | 0 | 0.1150
113.6600 +3.500438E-06 +6.680495E-09 50.0 50.0 
16328 | 0 | 0.1260
113.7860 +3.501193E-06 +5.758290E-09 50.0 50.0 
16328 | 0 | 0.1260
113.9120 +3.520173E-06 +8.021889E-09 50.0 50.0 
TI0.0 | 0 | 0.1260
114.2260 +3.556705E-06 +6.638575E-09 50.0 50.0 
16328 | 0 | 0.3140
114.3420 +3.555321E-06 +7.225431E-09 50.0 50.0 
16328 | 0 | 0.1160
114.4670 +3.507351E-06 +6.345143E-09 50.0 50.0 
16328 | 0 | 0.1250
114.5930 +3.523858E-06 +7.015838E-09 50.0 50.0 
16328 | 0 | 0.1260
114.7190 +3.515855E-06 +4.794168E-09 50.0 50.0 
16328 | 0 | 0.1260
115.0320 +3.505509E-06 +6.932007E-09 50.0 50.0 
16328 | 0 | 0.3130
115.1480 +3.533245E-06 +7.686531E-09 50.0 50.0 
16328 | 0 | 0.1160
115.2730 +3.536596E-06 +1.078850E-08 50.0 50.0 
16328 | 0 | 0.1250
115.3990 +3.533870E-06 +6.470906E-09 50.0 50.0 
TI0.0 | 0 | 0.1260
115.8400 +3.546105E-06 +3.033593E-09 50.0 50.0 
16328 | 0 | 0.4410
115.9560 +3.565754E-06 +5.925959E-09 50.0 50.0 
16328 | 0 | 0.1160
116.0810 +3.554819E-06 +7.015847E-09 50.0 50.0 
16328 | 0 | 0.1250
116.2070 +3.560562E-06 +5.842111E-09 50.0 50.0 
16328 | 0 | 0.1260
116.3330 +3.537305E-06 +6.680508E-09 50.0 50.0 
TI0.0 | 0 | 0.1260
116.6470 +3.518369E-06 +7.057755E-09 50.0 50.0 
16328 | 0 | 0.3140
116.7610 +3.504711E-06 +6.973933E-09 50.0 50.0 
16328 | 0 | 0.1140
116.8870 +3.499560E-06 +8.566824E-09 50.0 50.0 
16328 | 0 | 0.1260
117.0130 +3.524361E-06 +9.489034E-09 50.0 50.0 
16328 | 0 | 0.1260
117.1410 +3.519963E-06 +6.345143E-09 50.0 50.0 
TI0.0 | 0 | 0.1280
117.4530 +3.538773E-06 +5.632531E-09 50.0 50.0 
16328 | 0 | 0.3120
117.5680 +3.532322E-06 +7.267357E-09 50.0 50.0 
16328 | 0 | 0.1150
117.6940 +3.526625E-06 +6.261303E-09 50.0 50.0 
16328 | 0 | 0.1260
117.8190 +3.550963E-06 +6.932010E-09 50.0 50.0 
16328 | 0 | 0.1250
117.9450 +3.516399E-06 +5.213347E-09 50.0 50.0 
TI0.0 | 0 | 0.1260
118.2600 +3.513176E-06 +6.177475E-09 50.0 50.0 
16328 | 0 | 0.3150
118.3730 +3.495286E-06 +5.255260E-09 50.0 50.0 
16328 | 0 | 0.1130
118.5000 +3.499516E-06 +6.219389E-09 50.0 50.0 
16328 | 0 | 0.1270
118.6250 +3.506596E-06 +6.428984E-09 50.0 50.0 
16328 | 0 | 0.1250
118.7510 +3.485814E-06 +8.021885E-09 50.0 50.0 
TI0.0 | 0 | 0.1260
119.0510 +3.490342E-06 +6.345132E-09 50.0 50.0 
16328 | 0 | 0.3000
119.1800 +3.478193E-06 +6.932008E-09 50.0 50.0 
16328 | 0 | 0.1290
119.3060 +3.497087E-06 +2.656322E-09 50.0 50.0 
16328 | 0 | 0.1260
119.4320 +3.504459E-06 +6.009795E-09 50.0 50.0 
16328 | 0 | 0.1260
119.5580 +3.476682E-06 +5.842122E-09 50.0 50.0 
16328 | 0 | 0.1260
119.8730 +3.475427E-06 +6.596655E-09 50.0 50.0 
16328 | 0 | 0.3150
119.9860 +3.484769E-06 +6.680498E-09 50.0 50.0 
16328 | 0 | 0.1130
120.1110 +3.479070E-06 +4.919912E-09 50.0 50.0 
16328 | 0 | 0.1250
120.2380 +3.451125E-06 +4.710326E-09 50.0 50.0 
TI0.0 | 0 | 0.1270
120.6650 +3.432230E-06 +7.896134E-09 50.0 50.0 
16328 | 0 | 0.4270
120.7780 +3.444718E-06 +6.428984E-09 50.0 50.0 
16328 | 0 | 0.1130
120.9040 +3.451669E-06 +6.722413E-09 50.0 50.0 
16328 | 0 | 0.1260
121.0300 +3.446809E-06 +6.554740E-09 50.0 50.0 
16328 | 0 | 0.1260
121.1560 +3.440192E-06 +6.638571E-09 50.0 50.0 
TI0.0 | 0 | 0.1260
121.4720 +3.446517E-06 +6.680489E-09 50.0 50.0 
16328 | 0 | 0.3160
121.6000 +3.490298E-06 +6.890095E-09 50.0 50.0 
16328 | 0 | 0.1280
121.7270 +3.486234E-06 +6.219397E-09 50.0 50.0 
16328 | 0 | 0.1270
121.8540 +3.486026E-06 +6.135556E-09 50.0 50.0 
16328 | 0 | 0.1270
121.9800 +3.520925E-06 +3.578528E-09 50.0 50.0 
TI0.0 | 0 | 0.1260
122.2780 +3.481460E-06 +3.075509E-09 50.0 50.0 
16328 | 0 | 0.2980
122.4060 +3.430219E-06 +3.830036E-09 50.0 50.0 
16328 | 0 | 0.1280
122.5320 +3.438221E-06 +6.261308E-09 50.0 50.0 
16328 | 0 | 0.1260
122.6590 +3.423389E-06 +4.626486E-09 50.0 50.0 
16328 | 0 | 0.1270
122.7850 +3.417233E-06 +6.387066E-09 50.0 50.0 
TI0.0 | 0 | 0.1260
123.0840 +3.413129E-06 +6.722411E-09 50.0 50.0 
16328 | 0 | 0.2990
123.2120 +3.417986E-06 +4.416897E-09 50.0 50.0 
16328 | 0 | 0.1280
123.3380 +3.445848E-06 +6.428978E-09 50.0 50.0 
16328 | 0 | 0.1260
123.4650 +3.424815E-06 +6.009794E-09 50.0 50.0 
16328 | 0 | 0.1270
123.5910 +3.450497E-06 +7.225432E-09 50.0 50.0 
16328 | 0 | 0.1260
123.8910 +3.443249E-06 +3.871961E-09 50.0 50.0 
16328 | 0 | 0.3000
124.0210 +3.421505E-06 +6.722419E-09 50.0 50.0 
16328 | 0 | 0.1300
124.1450 +3.489208E-06 +8.818345E-09 50.0 50.0 
16328 | 0 | 0.1240
124.2710 +3.499391E-06 +5.590618E-09 50.0 50.0 
TI0.0 | 0 | 0.1260
124.6840 +3.461935E-06 +6.764336E-09 50.0 50.0 
16328 | 0 | 0.4130
124.8110 +3.469015E-06 +4.752251E-09 50.0 50.0 
16328 | 0 | 0.1270
124.9370 +3.433067E-06 +8.608753E-09 50.0 50.0 
16328 | 0 | 0.1260
125.0640 +3.451753E-06 +7.099677E-09 50.0 50.0 
16328 | 0 | 0.1270
125.1900 +3.465706E-06 +5.506775E-09 50.0 50.0 
TI0.0 | 0 | 0.1260
125.4900 +3.459168E-06 +6.848169E-09 50.0 50.0 
16328 | 0 | 0.3000
125.6190 +3.474084E-06 +7.393101E-09 50.0 50.0 
16328 | 0 | 0.1290
125.7430 +3.471193E-06 +5.045671E-09 50.0 50.0 
16328 | 0 | 0.1240
125.8690 +3.486152E-06 +6.932013E-09 50.0 50.0 
16328 | 0 | 0.1260
125.9950 +3.493484E-06 +5.381015E-09 50.0 50.0 
TI0.0 | 0 | 0.1260
126.2970 +3.532194E-06 +5.925954E-09 50.0 50.0 
16328 | 0 | 0.3020
126.4230 +3.519752E-06 +5.045680E-09 50.0 50.0 
16328 | 0 | 0.1260
126.5490 +3.494657E-06 +3.075502E-09 50.0 50.0 
16328 | 0 | 0.1260
126.6750 +3.511165E-06 +4.081549E-09 50.0 50.0 
16328 | 0 | 0.1260
126.8010 +3.504462E-06 +3.159346E-09 50.0 50.0 
TI0.0 | 0 | 0.1260
127.1030 +3.524821E-06 +4.500730E-09 50.0 50.0 
16328 | 0 | 0.3020
127.2320 +3.540951E-06 +3.913873E-09 50.0 50.0 
16328 | 0 | 0.1290
127.3580 +3.564411E-06 +6.470892E-09 50.0 50.0 
16328 | 0 | 0.1260
127.4820 +3.547405E-06 +6.596652E-09 50.0 50.0 
16328 | 0 | 0.1240
127.6090 +3.529972E-06 +6.428984E-09 50.0 50.0 
16328 | 0 | 0.1270
127.9100 +3.458287E-06 +6.512815E-09 50.0 50.0 
16328 | 0 | 0.3010
128.0360 +3.495830E-06 +5.213352E-09 50.0 50.0 
16328 | 0 | 0.1260
128.1630 +3.496248E-06 +6.806251E-09 50.0 50.0 
16328 | 0 | 0.1270
128.2880 +3.484811E-06 +6.806251E-09 50.0 50.0 
TI0.0 | 0 | 0.1250
128.7190 +3.530223E-06 +7.183516E-09 50.0 50.0 
16328 | 0 | 0.4310
128.8440 +3.526831E-06 +6.387063E-09 50.0 50.0 
16328 | 0 | 0.1250
128.9720 +3.524653E-06 +6.512819E-09 50.0 50.0 
16328 | 0 | 0.1280
129.0970 +3.486025E-06 +6.806254E-09 50.0 50.0 
16328 | 0 | 0.1250
129.2230 +3.549751E-06 +6.554742E-09 50.0 50.0 
TI0.0 | 0 | 0.1260
129.5250 +3.527589E-06 +6.973922E-09 50.0 50.0 
16328 | 0 | 0.3020
129.6510 +3.537098E-06 +5.884040E-09 50.0 50.0 
16328 | 0 | 0.1260
129.7770 +3.482841E-06 +3.075508E-09 50.0 50.0 
16328 | 0 | 0.1260
129.9020 +3.474211E-06 +5.967872E-09 50.0 50.0 
16328 | 0 | 0.1250
130.0280 +3.495953E-06 +6.764331E-09 50.0 50.0 
TI0.0 | 0 | 0.1260
130.3160 +3.497338E-06 +2.991665E-09 50.0 50.0 
16328 | 0 | 0.2880
130.4410 +3.480036E-06 +3.327012E-09 50.0 50.0 
16328 | 0 | 0.1250
130.5690 +3.472536E-06 +6.722411E-09 50.0 50.0 
16328 | 0 | 0.1280
130.6940 +3.425652E-06 +5.842127E-09 50.0 50.0 
16328 | 0 | 0.1250
130.8190 +3.454434E-06 +6.973925E-09 50.0 50.0 
TI0.0 | 0 | 0.1250
131.1220 +3.486655E-06 +7.099677E-09 50.0 50.0 
16328 | 0 | 0.3030
131.2470 +3.479407E-06 +6.554744E-09 50.0 50.0 
16328 | 0 | 0.1250
131.3730 +3.458584E-06 +4.919918E-09 50.0 50.0 
16328 | 0 | 0.1260
131.4980 +3.457033E-06 +4.961850E-09 50.0 50.0 
16328 | 0 | 0.1250
131.6240 +3.488373E-06 +6.261315E-09 50.0 50.0 
TI0.0 | 0 | 0.1260
131.9270 +3.506558E-06 +8.734501E-09 50.0 50.0 
16328 | 0 | 0.3030
132.0520 +3.492733E-06 +6.345140E-09 50.0 50.0 
16328 | 0 | 0.1250
132.1780 +3.517364E-06 +6.680498E-09 50.0 50.0 
16328 | 0 | 0.1260
132.3040 +3.505551E-06 +9.405177E-09 50.0 50.0 
16328 | 0 | 0.1260
132.4430 +3.520086E-06 +6.387065E-09 50.0 50.0 
16328 | 0 | 0.1390
132.7340 +3.471276E-06 +6.428992E-09 50.0 50.0 
16328 | 0 | 0.2910
132.8580 +3.439478E-06 +6.345152E-09 50.0 50.0 
16328 | 0 | 0.1240
132.9840 +3.464031E-06 +6.051708E-09 50.0 50.0 
16328 | 0 | 0.1260
133.1100 +3.468261E-06 +7.938047E-09 50.0 50.0 
TI0.0 | 0 | 0.1260
133.5420 +3.421505E-06 +5.213344E-09 50.0 50.0 
16328 | 0 | 0.4320
133.6650 +3.418489E-06 +5.800203E-09 50.0 50.0 
16328 | 0 | 0.1230
133.7910 +3.456782E-06 +6.638581E-09 50.0 50.0 
16328 | 0 | 0.1260
133.9170 +3.441405E-06 +8.021889E-09 50.0 50.0 
16328 | 0 | 0.1260
134.0430 +3.415556E-06 +7.979970E-09 50.0 50.0 
TI0.0 | 0 | 0.1260
134.3480 +3.419201E-06 +5.967883E-09 50.0 50.0 
16328 | 0 | 0.3050
134.4720 +3.422259E-06 +7.225439E-09 50.0 50.0 
16328 | 0 | 0.1240
134.5980 +3.418615E-06 +6.093622E-09 50.0 50.0 
16328 | 0 | 0.1260
134.7240 +3.450540E-06 +5.925959E-09 50.0 50.0 
16328 | 0 | 0.1260
134.8500 +3.435751E-06 +6.093637E-09 50.0 50.0 
TI0.0 | 0 | 0.1260
135.1530 +3.396493E-06 +6.638575E-09 50.0 50.0 
16328 | 0 | 0.3030
135.2780 +3.385183E-06 +4.207309E-09 50.0 50.0 
16328 | 0 | 0.1250
135.4030 +3.411911E-06 +6.638575E-09 50.0 50.0 
16328 | 0 | 0.1250
135.5290 +3.440443E-06 +5.381017E-09 50.0 50.0 
16328 | 0 | 0.1260
135.6560 +3.434743E-06 +9.279438E-09 50.0 50.0 
TI0.0 | 0 | 0.1270
135.9610 +3.414842E-06 +6.387058E-09 50.0 50.0 
16328 | 0 | 0.3050
136.0850 +3.392304E-06 +5.967881E-09 50.0 50.0 
16328 | 0 | 0.1240
136.2100 +3.452717E-06 +9.908204E-09 50.0 50.0 
16328 | 0 | 0.1250
136.3360 +3.385138E-06 +5.967875E-09 50.0 50.0 
16328 | 0 | 0.1260
136.4630 +3.412958E-06 +7.141593E-09 50.0 50.0 
16328 | 0 | 0.1270
136.7670 +3.445554E-06 +7.015837E-09 50.0 50.0 
16328 | 0 | 0.3040
136.8920 +3.396621E-06 +6.680492E-09 50.0 50.0 
16328 | 0 | 0.1250
137.0170 +3.421714E-06 +5.800207E-09 50.0 50.0 
16328 | 0 | 0.1250
137.1430 +3.419533E-06 +6.596662E-09 50.0 50.0 
TI0.0 | 0 | 0.1260
137.5600 +3.477520E-06 +9.237514E-09 50.0 50.0 
16328 | 0 | 0.4170
137.6820 +3.464577E-06 +6.261308E-09 50.0 50.0 
16328 | 0 | 0.1220
137.8070 +3.440736E-06 +7.057763E-09 50.0 50.0 
16328 | 0 | 0.1250
137.9330 +3.468724E-06 +6.722424E-09 50.0 50.0 
16328 | 0 | 0.1260
138.0610 +3.455609E-06 +7.351187E-09 50.0 50.0 
TI0.0 | 0 | 0.1280
138.3640 +3.453557E-06 +6.093636E-09 50.0 50.0 
16328 | 0 | 0.3030
138.4870 +3.458878E-06 +6.345145E-09 50.0 50.0 
16328 | 0 | 0.1230
138.6130 +3.415808E-06 +7.225439E-09 50.0 50.0 
16328 | 0 | 0.1260
138.7390 +3.430345E-06 +6.470909E-09 50.0 50.0 
16328 | 0 | 0.1260
138.8650 +3.416646E-06 +4.374976E-09 50.0 50.0 
TI0.0 | 0 | 0.1260
139.1710 +3.423516E-06 +3.368942E-09 50.0 50.0 
16328 | 0 | 0.3060
139.2930 +3.429843E-06 +4.291145E-09 50.0 50.0 
16328 | 0 | 0.1220
139.4200 +3.433361E-06 +5.967881E-09 50.0 50.0 
16328 | 0 | 0.1270
139.5460 +3.405166E-06 +7.099676E-09 50.0 50.0 
16328 | 0 | 0.1260
139.6720 +3.420624E-06 +6.512813E-09 50.0 50.0 
TI0.0 | 0 | 0.1260
139.9780 +3.402234E-06 +7.393108E-09 50.0 50.0 
16328 | 0 | 0.3060
140.1000 +3.386605E-06 +5.925965E-09 50.0 50.0 
16328 | 0 | 0.1220
140.2270 +3.401773E-06 +6.764331E-09 50.0 50.0 
16328 | 0 | 0.1270
140.3530 +3.393770E-06 +7.476935E-09 50.0 50.0 
16328 | 0 | 0.1260
140.4790 +3.452467E-06 +6.638580E-09 50.0 50.0 
TI0.0 | 0 | 0.1260
140.7840 +3.436882E-06 +7.183519E-09 50.0 50.0 
16328 | 0 | 0.3050
140.9060 +3.471152E-06 +6.051722E-09 50.0 50.0 
16328 | 0 | 0.1220
141.0310 +3.471990E-06 +7.225442E-09 50.0 50.0 
16328 | 0 | 0.1250
141.1580 +3.453806E-06 +6.596659E-09 50.0 50.0 
16328 | 0 | 0.1270
141.2840 +3.464868E-06 +6.051719E-09 50.0 50.0 
16328 | 0 | 0.1260
141.5910 +3.471195E-06 +6.428983E-09 50.0 50.0 
16328 | 0 | 0.3070
141.7120 +3.490886E-06 +6.680493E-09 50.0 50.0 
16328 | 0 | 0.1210
141.8390 +3.449283E-06 +5.506772E-09 50.0 50.0 
16328 | 0 | 0.1270
141.9650 +3.462143E-06 +6.470898E-09 50.0 50.0 
TI0.0 | 0 | 0.1260
142.3840 +3.438389E-06 +6.722414E-09 50.0 50.0 
16328 | 0 | 0.4190
142.5040 +3.439311E-06 +7.896131E-09 50.0 50.0 
16328 | 0 | 0.1200
142.6300 +3.450791E-06 +5.716360E-09 50.0 50.0 
16328 | 0 | 0.1260
142.7580 +3.423433E-06 +6.890088E-09 50.0 50.0 
16328 | 0 | 0.1280
142.8830 +3.400055E-06 +5.967880E-09 50.0 50.0 
TI0.0 | 0 | 0.1250
143.1900 +3.429423E-06 +9.195610E-09 50.0 50.0 
16328 | 0 | 0.3070
143.3110 +3.429337E-06 +6.512819E-09 50.0 50.0 
16328 | 0 | 0.1210
143.4370 +3.446600E-06 +6.470902E-09 50.0 50.0 
16328 | 0 | 0.1260
143.5630 +3.452174E-06 +5.758285E-09 50.0 50.0 
16328 | 0 | 0.1260
143.6880 +3.448946E-06 +6.596665E-09 50.0 50.0 
TI0.0 | 0 | 0.1250
143.9960 +3.476599E-06 +6.177471E-09 50.0 50.0 
16328 | 0 | 0.3080
144.1160 +3.476307E-06 +6.931995E-09 50.0 50.0 
16328 | 0 | 0.1200
144.2420 +3.469350E-06 +6.806251E-09 50.0 50.0 
16328 | 0 | 0.1260
144.3690 +3.475635E-06 +3.788121E-09 50.0 50.0 
16328 | 0 | 0.1270
144.4940 +3.478650E-06 +6.303225E-09 50.0 50.0 
TI0.0 | 0 | 0.1250
144.8020 +3.448360E-06 +9.111758E-09 50.0 50.0 
16328 | 0 | 0.3080
144.9210 +3.472284E-06 +6.135548E-09 50.0 50.0 
16328 | 0 | 0.1190
145.0470 +3.437634E-06 +6.638584E-09 50.0 50.0 
16328 | 0 | 0.1260
145.1730 +3.438684E-06 +5.800213E-09 50.0 50.0 
16328 | 0 | 0.1260
145.3000 +3.414089E-06 +6.638580E-09 50.0 50.0 
16328 | 0 | 0.1270
145.6080 +3.442831E-06 +6.219395E-09 50.0 50.0 
16328 | 0 | 0.3080
145.7280 +3.439566E-06 +7.560781E-09 50.0 50.0 
16328 | 0 | 0.1200
145.8540 +3.454395E-06 +6.051719E-09 50.0 50.0 
16328 | 0 | 0.1260
145.9800 +3.441994E-06 +6.848166E-09 50.0 50.0 
TI0.0 | 0 | 0.1260
146.4150 +3.463024E-06 +6.764327E-09 50.0 50.0 
16328 | 0 | 0.4350
146.5350 +3.459129E-06 +3.033587E-09 50.0 50.0 
16328 | 0 | 0.1200
146.6610 +3.454353E-06 +5.674454E-09 50.0 50.0 
16328 | 0 | 0.1260
146.7870 +3.458625E-06 +5.422950E-09 50.0 50.0 
16328 | 0 | 0.1260
146.9130 +3.462356E-06 +3.410860E-09 50.0 50.0 
TI0.0 | 0 | 0.1260
147.2220 +3.454729E-06 +6.093639E-09 50.0 50.0 
16328 | 0 | 0.3090
147.3420 +3.456278E-06 +6.051722E-09 50.0 50.0 
16328 | 0 | 0.1200
147.4680 +3.395698E-06 +4.333059E-09 50.0 50.0 
16328 | 0 | 0.1260
147.5940 +3.455607E-06 +5.842122E-09 50.0 50.0 
16328 | 0 | 0.1260
147.7200 +3.411617E-06 +6.428989E-09 50.0 50.0 
TI0.0 | 0 | 0.1260
148.0130 +3.435836E-06 +3.075508E-09 50.0 50.0 
16328 | 0 | 0.2930
148.1320 +3.405291E-06 +6.890077E-09 50.0 50.0 
16328 | 0 | 0.1190
148.2580 +3.416771E-06 +5.800204E-09 50.0 50.0 
16328 | 0 | 0.1260
148.3840 +3.420877E-06 +6.093637E-09 50.0 50.0 
16328 | 0 | 0.1260
148.5100 +3.444339E-06 +9.195595E-09 50.0 50.0 
TI0.0 | 0 | 0.1260
148.8190 +3.459881E-06 +5.590615E-09 50.0 50.0 
16328 | 0 | 0.3090
148.9390 +3.452929E-06 +6.596665E-09 50.0 50.0 
16328 | 0 | 0.1200
149.0650 +3.392598E-06 +7.309266E-09 50.0 50.0 
16328 | 0 | 0.1260
149.1910 +3.427035E-06 +5.925959E-09 50.0 50.0 
16328 | 0 | 0.1260
149.3170 +3.415346E-06 +7.099678E-09 50.0 50.0 
16328 | 0 | 0.1260
149.6260 +3.388407E-06 +7.183517E-09 50.0 50.0 
16328 | 0 | 0.3090
149.7440 +3.376259E-06 +6.848166E-09 50.0 50.0 
16328 | 0 | 0.1180
149.8710 +3.415975E-06 +7.644623E-09 50.0 50.0 
16328 | 0 | 0.1270
149.9960 +3.410193E-06 +5.800207E-09 50.0 50.0 
TI0.0 | 0 | 0.1250
150.4350 +3.384511E-06 +6.764334E-09 50.0 50.0 
16328 | 0 | 0.4390
150.5520 +3.394818E-06 +6.806249E-09 50.0 50.0 
16328 | 0 | 0.1170
150.6800 +3.371901E-06 +3.410857E-09 50.0 50.0 
16328 | 0 | 0.1280
150.8050 +3.360004E-06 +7.812285E-09 50.0 50.0 
16328 | 0 | 0.1250
150.9310 +3.349780E-06 +7.309272E-09 50.0 50.0 
TI0.0 | 0 | 0.1260
151.2420 +3.366999E-06 +6.470898E-09 50.0 50.0 
16328 | 0 | 0.3110
151.3590 +3.385684E-06 +5.884031E-09 50.0 50.0 
16328 | 0 | 0.1170
151.4860 +3.412413E-06 +6.806248E-09 50.0 50.0 
16328 | 0 | 0.1270
151.6110 +3.432690E-06 +9.195601E-09 50.0 50.0 
16328 | 0 | 0.1250
151.7370 +3.426741E-06 +7.057751E-09 50.0 50.0 
TI0.0 | 0 | 0.1260
152.0470 +3.420835E-06 +6.806255E-09 50.0 50.0 
16328 | 0 | 0.3100
152.1650 +3.399133E-06 +6.093631E-09 50.0 50.0 
16328 | 0 | 0.1180
152.2910 +3.390293E-06 +5.925962E-09 50.0 50.0 
16328 | 0 | 0.1260
152.4170 +3.404076E-06 +7.979965E-09 50.0 50.0 
16328 | 0 | 0.1260
152.5430 +3.409522E-06 +6.303233E-09 50.0 50.0 
TI0.0 | 0 | 0.1260
152.8550 +3.382040E-06 +7.560793E-09 50.0 50.0 
16328 | 0 | 0.3120
152.9710 +3.401813E-06 +7.141604E-09 50.0 50.0 
16328 | 0 | 0.1160
153.0960 +3.444298E-06 +6.470906E-09 50.0 50.0 
16328 | 0 | 0.1250
153.2230 +3.474505E-06 +6.596649E-09 50.0 50.0 
16328 | 0 | 0.1270
153.3490 +3.440192E-06 +6.428983E-09 50.0 50.0 
TI0.0 | 0 | 0.1260
153.6590 +3.406215E-06 +6.848161E-09 50.0 50.0 
16328 | 0 | 0.3100
153.7760 +3.383799E-06 +6.135553E-09 50.0 50.0 
16328 | 0 | 0.1170
153.9020 +3.405793E-06 +7.309269E-09 50.0 50.0 
16328 | 0 | 0.1260
154.0270 +3.408601E-06 +7.644616E-09 50.0 50.0 
16328 | 0 | 0.1250
154.1530 +3.389246E-06 +7.644616E-09 50.0 50.0 
16328 | 0 | 0.1260
154.4660 +3.424943E-06 +7.812292E-09 50.0 50.0 
16328 | 0 | 0.3130
154.5820 +3.397921E-06 +4.249221E-09 50.0 50.0 
16328 | 0 | 0.1160
154.7070 +3.384344E-06 +6.387054E-09 50.0 50.0 
16328 | 0 | 0.1250
154.8340 +3.365321E-06 +6.596654E-09 50.0 50.0 
TI0.0 | 0 | 0.1270
155.2600 +3.377305E-06 +6.764336E-09 50.0 50.0 
16328 | 0 | 0.4260
155.3740 +3.352878E-06 +6.932004E-09 50.0 50.0 
16328 | 0 | 0.1140
155.5000 +3.367753E-06 +6.554740E-09 50.0 50.0 
16328 | 0 | 0.1260
155.6260 +3.337588E-06 +6.177469E-09 50.0 50.0 
16328 | 0 | 0.1260
155.7520 +3.313203E-06 +5.842124E-09 50.0 50.0 
TI0.0 | 0 | 0.1260
156.0650 +3.331680E-06 +6.680486E-09 50.0 50.0 
16328 | 0 | 0.3130
156.1810 +3.363941E-06 +6.512811E-09 50.0 50.0 
16328 | 0 | 0.1160
156.3060 +3.346678E-06 +4.165384E-09 50.0 50.0 
16328 | 0 | 0.1250
156.4370 +3.333900E-06 +6.135557E-09 50.0 50.0 
16328 | 0 | 0.1310
156.5600 +3.337505E-06 +6.051724E-09 50.0 50.0 
TI0.0 | 0 | 0.1230
156.8730 +3.364527E-06 +5.758292E-09 50.0 50.0 
16328 | 0 | 0.3130
156.9880 +3.328287E-06 +2.907836E-09 50.0 50.0 
16328 | 0 | 0.1150
157.1120 +3.360548E-06 +3.117428E-09 50.0 50.0 
16328 | 0 | 0.1240
157.2380 +3.352168E-06 +6.596655E-09 50.0 50.0 
16328 | 0 | 0.1260
157.3650 +3.365449E-06 +7.183516E-09 50.0 50.0 
TI0.0 | 0 | 0.1270
157.6800 +3.364148E-06 +6.890079E-09 50.0 50.0 
16328 | 0 | 0.3150
157.7950 +3.351792E-06 +6.177475E-09 50.0 50.0 
16328 | 0 | 0.1150
157.9190 +3.352252E-06 +7.267364E-09 50.0 50.0 
16328 | 0 | 0.1240
158.0440 +3.351495E-06 +3.997712E-09 50.0 50.0 
16328 | 0 | 0.1250
158.1730 +3.392555E-06 +9.614784E-09 50.0 50.0 
16328 | 0 | 0.1290
158.4840 +3.354303E-06 +6.554735E-09 50.0 50.0 
16328 | 0 | 0.3110
158.6010 +3.354513E-06 +7.099677E-09 50.0 50.0 
16328 | 0 | 0.1170
158.7270 +3.361761E-06 +6.722416E-09 50.0 50.0 
16328 | 0 | 0.1260
158.8510 +3.337754E-06 +4.207300E-09 50.0 50.0 
TI0.0 | 0 | 0.1240
159.2770 +3.336163E-06 +5.632533E-09 50.0 50.0 
16328 | 0 | 0.4260
159.3910 +3.330676E-06 +7.435028E-09 50.0 50.0 
16328 | 0 | 0.1140
159.5170 +3.320118E-06 +4.416895E-09 50.0 50.0 
16328 | 0 | 0.1260
159.6430 +3.310775E-06 +8.189559E-09 50.0 50.0 
16328 | 0 | 0.1260
159.7710 +3.340564E-06 +7.476948E-09 50.0 50.0 
TI0.0 | 0 | 0.1280
160.0820 +3.314294E-06 +8.399146E-09 50.0 50.0 
16328 | 0 | 0.3110
160.1970 +3.370643E-06 +6.596649E-09 50.0 50.0 
16328 | 0 | 0.1150
160.3230 +3.382584E-06 +6.177467E-09 50.0 50.0 
16328 | 0 | 0.1260
160.4490 +3.377515E-06 +6.596659E-09 50.0 50.0 
16328 | 0 | 0.1260
160.5750 +3.362306E-06 +6.470910E-09 50.0 50.0 
TI0.0 | 0 | 0.1260
160.8890 +3.314586E-06 +5.087593E-09 50.0 50.0 
16328 | 0 | 0.3140
161.0030 +3.321122E-06 +4.584570E-09 50.0 50.0 
16328 | 0 | 0.1140
161.1290 +3.319446E-06 +4.794166E-09 50.0 50.0 
16328 | 0 | 0.1260
161.2550 +3.332601E-06 +7.183517E-09 50.0 50.0 
16328 | 0 | 0.1260
161.3810 +3.345423E-06 +6.806258E-09 50.0 50.0 
TI0.0 | 0 | 0.1260
161.6950 +3.334151E-06 +6.177477E-09 50.0 50.0 
16328 | 0 | 0.3140
161.8110 +3.322296E-06 +7.141598E-09 50.0 50.0 
16328 | 0 | 0.1160
161.9360 +3.328162E-06 +3.452775E-09 50.0 50.0 
16328 | 0 | 0.1250
162.0620 +3.321291E-06 +6.428984E-09 50.0 50.0 
16328 | 0 | 0.1260
162.1880 +3.353929E-06 +6.638572E-09 50.0 50.0 
TI0.0 | 0 | 0.1260
162.5020 +3.333480E-06 +4.584574E-09 50.0 50.0 
16328 | 0 | 0.3140
162.6150 +3.358745E-06 +3.243180E-09 50.0 50.0 
16328 | 0 | 0.1130
162.7410 +3.363690E-06 +6.932008E-09 50.0 50.0 
16328 | 0 | 0.1260
162.8720 +3.325732E-06 +5.171424E-09 50.0 50.0 
16328 | 0 | 0.1310
162.9940 +3.330508E-06 +6.973925E-09 50.0 50.0 
16328 | 0 | 0.1220
163.3090 +3.330550E-06 +6.261312E-09 50.0 50.0 
16328 | 0 | 0.3150
163.4220 +3.304155E-06 +6.428980E-09 50.0 50.0 
16328 | 0 | 0.1130
163.5480 +3.324306E-06 +6.638587E-09 50.0 50.0 
16328 | 0 | 0.1260
163.6750 +3.322545E-06 +7.099682E-09 50.0 50.0 
TI0.0 | 0 | 0.1270
164.1160 +3.331470E-06 +6.512818E-09 50.0 50.0 
16328 | 0 | 0.4410
164.2300 +3.321626E-06 +5.884047E-09 50.0 50.0 
16328 | 0 | 0.1140
164.3560 +3.341945E-06 +6.387066E-09 50.0 50.0 
16328 | 0 | 0.1260
164.4840 +3.346302E-06 +7.225437E-09 50.0 50.0 
16328 | 0 | 0.1280
164.6090 +3.369933E-06 +6.261311E-09 50.0 50.0 
TI0.0 | 0 | 0.1250
164.9230 +3.300509E-06 +6.177469E-09 50.0 50.0 
16328 | 0 | 0.3140
165.0360 +3.330928E-06 +7.141598E-09 50.0 50.0 
16328 | 0 | 0.1130
165.1620 +3.305914E-06 +7.938059E-09 50.0 50.0 
16328 | 0 | 0.1260
165.2890 +3.349487E-06 +6.764340E-09 50.0 50.0 
16328 | 0 | 0.1270
165.4140 +3.349610E-06 +7.057757E-09 50.0 50.0 
TI0.0 | 0 | 0.1250
165.7140 +3.313833E-06 +6.135549E-09 50.0 50.0 
16328 | 0 | 0.3000
165.8420 +3.336915E-06 +6.890088E-09 50.0 50.0 
16328 | 0 | 0.1280
165.9680 +3.348985E-06 +6.890088E-09 50.0 50.0 
16328 | 0 | 0.1260
166.0950 +3.334403E-06 +6.554744E-09 50.0 50.0 
16328 | 0 | 0.1270
166.2210 +3.348312E-06 +6.345148E-09 50.0 50.0 
TI0.0 | 0 | 0.1260
166.5200 +3.342951E-06 +6.680498E-09 50.0 50.0 
16328 | 0 | 0.2990
166.6480 +3.365827E-06 +6.554740E-09 50.0 50.0 
16328 | 0 | 0.1280
166.7750 +3.314501E-06 +6.680495E-09 50.0 50.0 
16328 | 0 | 0.1270
166.9010 +3.332519E-06 +7.267357E-09 50.0 50.0 
16328 | 0 | 0.1260
167.0270 +3.326107E-06 +6.219393E-09 50.0 50.0 
16328 | 0 | 0.1260
167.3270 +3.315760E-06 +7.015845E-09 50.0 50.0 
16328 | 0 | 0.3000
167.4540 +3.334487E-06 +6.387072E-09 50.0 50.0 
16328 | 0 | 0.1270
167.5810 +3.326528E-06 +5.884037E-09 50.0 50.0 
16328 | 0 | 0.1270
167.7070 +3.318401E-06 +6.764338E-09 50.0 50.0 
TI0.0 | 0 | 0.1260
168.1350 +3.308635E-06 +7.812295E-09 50.0 50.0 
16328 | 0 | 0.4280
168.2630 +3.305035E-06 +5.716371E-09 50.0 50.0 
16328 | 0 | 0.1280
168.3890 +3.316725E-06 +6.345143E-09 50.0 50.0 
16328 | 0 | 0.1260
168.5150 +3.302519E-06 +6.848174E-09 50.0 50.0 
16328 | 0 | 0.1260
168.6410 +3.288359E-06 +5.674448E-09 50.0 50.0 
TI0.0 | 0 | 0.1260
168.9420 +3.307966E-06 +4.081550E-09 50.0 50.0 
16328 | 0 | 0.3010
169.0690 +3.295230E-06 +7.267357E-09 50.0 50.0 
16328 | 0 | 0.1270
169.1950 +3.294351E-06 +6.093631E-09 50.0 50.0 
16328 | 0 | 0.1260
169.3200 +3.289364E-06 +6.848160E-09 50.0 50.0 
16328 | 0 | 0.1250
169.4460 +3.337753E-06 +8.566829E-09 50.0 50.0 
TI0.0 | 0 | 0.1260
169.7470 +3.309475E-06 +6.973933E-09 50.0 50.0 
16328 | 0 | 0.3010
169.8740 +3.280819E-06 +6.428990E-09 50.0 50.0 
16328 | 0 | 0.1270
170.0010 +3.278722E-06 +6.219404E-09 50.0 50.0 
16328 | 0 | 0.1270
170.1270 +3.252078E-06 +6.470905E-09 50.0 50.0 
16328 | 0 | 0.1260
170.2530 +3.285301E-06 +7.141592E-09 50.0 50.0 
TI0.0 | 0 | 0.1260
170.5540 +3.285805E-06 +6.931998E-09 50.0 50.0 
16328 | 0 | 0.3010
170.6810 +3.298625E-06 +6.932007E-09 50.0 50.0 
16328 | 0 | 0.1270
170.8080 +3.254969E-06 +7.938052E-09 50.0 50.0 
16328 | 0 | 0.1270
170.9330 +3.274994E-06 +6.345150E-09 50.0 50.0 
16328 | 0 | 0.1250
171.0590 +3.290998E-06 +7.770377E-09 50.0 50.0 
16328 | 0 | 0.1260
171.3610 +3.313747E-06 +6.806253E-09 50.0 50.0 
16328 | 0 | 0.3020
171.4860 +3.288148E-06 +7.225439E-09 50.0 50.0 
16328 | 0 | 0.1250
171.6140 +3.275539E-06 +7.141598E-09 50.0 50.0 
16328 | 0 | 0.1280
171.7390 +3.275161E-06 +6.554739E-09 50.0 50.0 
TI0.0 | 0 | 0.1250
172.1520 +3.286850E-06 +6.512822E-09 50.0 50.0 
16328 | 0 | 0.4130
172.2790 +3.299545E-06 +6.345142E-09 50.0 50.0 
16328 | 0 | 0.1270
172.4060 +3.340059E-06 +6.638574E-09 50.0 50.0 
16328 | 0 | 0.1270
172.5310 +3.351457E-06 +6.638580E-09 50.0 50.0 
16328 | 0 | 0.1250
172.6560 +3.366329E-06 +6.387065E-09 50.0 50.0 
TI0.0 | 0 | 0.1250
172.9590 +3.378646E-06 +3.452780E-09 50.0 50.0 
16328 | 0 | 0.3030
173.0850 +3.388701E-06 +5.758292E-09 50.0 50.0 
16328 | 0 | 0.1260
173.2110 +3.373114E-06 +7.393124E-09 50.0 50.0 
16328 | 0 | 0.1260
173.3370 +3.390083E-06 +6.428989E-09 50.0 50.0 
16328 | 0 | 0.1260
173.4630 +3.349484E-06 +6.638578E-09 50.0 50.0 
TI0.0 | 0 | 0.1260
173.7660 +3.359083E-06 +7.141596E-09 50.0 50.0 
16328 | 0 | 0.3030
173.8920 +3.351161E-06 +6.009799E-09 50.0 50.0 
16328 | 0 | 0.1260
174.0170 +3.351413E-06 +6.554740E-09 50.0 50.0 
16328 | 0 | 0.1250
174.1440 +3.341860E-06 +6.470900E-09 50.0 50.0 
16328 | 0 | 0.1270
174.2700 +3.355811E-06 +6.722414E-09 50.0 50.0 
TI0.0 | 0 | 0.1260
174.5720 +3.375504E-06 +6.345150E-09 50.0 50.0 
16328 | 0 | 0.3020
174.6970 +3.409731E-06 +6.554742E-09 50.0 50.0 
16328 | 0 | 0.1250
174.8230 +3.373785E-06 +4.500730E-09 50.0 50.0 
16328 | 0 | 0.1260
174.9490 +3.341818E-06 +7.225437E-09 50.0 50.0 
16328 | 0 | 0.1260
175.0750 +3.289910E-06 +4.123469E-09 50.0 50.0 
TI0.0 | 0 | 0.1260
175.3780 +3.301053E-06 +4.626499E-09 50.0 50.0 
16328 | 0 | 0.3030
175.5040 +3.321080E-06 +9.614791E-09 50.0 50.0 
16328 | 0 | 0.1260
175.6300 +3.342781E-06 +8.608742E-09 50.0 50.0 
16328 | 0 | 0.1260
175.7560 +3.372611E-06 +4.878001E-09 50.0 50.0 
16328 | 0 | 0.1260
175.8820 +3.360923E-06 +3.578531E-09 50.0 50.0 
16328 | 0 | 0.1260
176.1860 +3.340185E-06 +6.973917E-09 50.0 50.0 
16328 | 0 | 0.3040
176.3110 +3.355729E-06 +7.057763E-09 50.0 50.0 
16328 | 0 | 0.1250
176.4360 +3.370894E-06 +6.806254E-09 50.0 50.0 
16328 | 0 | 0.1250
176.5630 +3.332562E-06 +6.387063E-09 50.0 50.0 
TI0.0 | 0 | 0.1270
176.9780 +3.343663E-06 +6.177481E-09 50.0 50.0 
16328 | 0 | 0.4150
177.1040 +3.330676E-06 +6.303225E-09 50.0 50.0 
16328 | 0 | 0.1260
177.2290 +3.333647E-06 +6.261304E-09 50.0 50.0 
16328 | 0 | 0.1250
177.3550 +3.317266E-06 +3.830047E-09 50.0 50.0 
16328 | 0 | 0.1260
177.4810 +3.318651E-06 +6.973922E-09 50.0 50.0 
TI0.0 | 0 | 0.1260
177.7840 +3.314377E-06 +6.219393E-09 50.0 50.0 
16328 | 0 | 0.3030
177.9090 +3.301053E-06 +6.261310E-09 50.0 50.0 
16328 | 0 | 0.1250
178.0350 +3.300217E-06 +6.973928E-09 50.0 50.0 
16328 | 0 | 0.1260
178.1600 +3.313791E-06 +6.009787E-09 50.0 50.0 
16328 | 0 | 0.1250
178.2870 +3.297871E-06 +6.806254E-09 50.0 50.0 
TI0.0 | 0 | 0.1270
178.5910 +3.352249E-06 +3.830038E-09 50.0 50.0 
16328 | 0 | 0.3040
178.7160 +3.320954E-06 +8.692584E-09 50.0 50.0 
16328 | 0 | 0.1250
178.8410 +3.324138E-06 +6.387066E-09 50.0 50.0 
16328 | 0 | 0.1250
178.9670 +3.348689E-06 +7.476935E-09 50.0 50.0 
16328 | 0 | 0.1260
179.0940 +3.318902E-06 +6.596655E-09 50.0 50.0 
TI0.0 | 0 | 0.1270
179.3980 +3.313580E-06 +6.806253E-09 50.0 50.0 
16328 | 0 | 0.3040
179.5220 +3.335325E-06 +6.135561E-09 50.0 50.0 
16328 | 0 | 0.1240
179.6470 +3.353048E-06 +5.129506E-09 50.0 50.0 
16328 | 0 | 0.1250
179.7730 +3.316597E-06 +5.297186E-09 50.0 50.0 
16328 | 0 | 0.1260
179.9010 +3.295901E-06 +4.961827E-09 50.0 50.0 
16328 | 0 | 0.1280
180.2030 +3.351036E-06 +6.470904E-09 50.0 50.0 
16328 | 0 | 0.3020
180.3270 +3.326821E-06 +7.225431E-09 50.0 50.0 
16328 | 0 | 0.1240
180.4530 +3.329962E-06 +8.944095E-09 50.0 50.0 
16328 | 0 | 0.1260
180.5790 +3.345549E-06 +5.925965E-09 50.0 50.0 
TI0.0 | 0 | 0.1260
181.0120 +3.363814E-06 +6.596665E-09 50.0 50.0 
16328 | 0 | 0.4330
181.1350 +3.368048E-06 +3.997715E-09 50.0 50.0 
16328 | 0 | 0.1230
181.2620 +3.355979E-06 +2.907834E-09 50.0 50.0 
16328 | 0 | 0.1270
181.3880 +3.342238E-06 +8.105721E-09 50.0 50.0 
16328 | 0 | 0.1260
181.5140 +3.344584E-06 +5.842122E-09 50.0 50.0 
TI0.0 | 0 | 0.1260
181.8190 +3.378309E-06 +6.009801E-09 50.0 50.0 
16328 | 0 | 0.3050
181.9420 +3.337502E-06 +6.890089E-09 50.0 50.0 
16328 | 0 | 0.1230
182.0680 +3.342490E-06 +6.680498E-09 50.0 50.0 
16328 | 0 | 0.1260
182.1940 +3.352752E-06 +6.554745E-09 50.0 50.0 
16328 | 0 | 0.1260
182.3190 +3.379358E-06 +5.632531E-09 50.0 50.0 
TI0.0 | 0 | 0.1250
182.6250 +3.351455E-06 +6.428983E-09 50.0 50.0 
16328 | 0 | 0.3060
182.7470 +3.338174E-06 +7.183517E-09 50.0 50.0 
16328 | 0 | 0.1220
182.8730 +3.338718E-06 +6.554737E-09 50.0 50.0 
16328 | 0 | 0.1260
183.0000 +3.362810E-06 +6.303217E-09 50.0 50.0 
16328 | 0 | 0.1270
183.1260 +3.378520E-06 +6.428984E-09 50.0 50.0 
TI0.0 | 0 | 0.1260
183.4150 +3.341860E-06 +6.428990E-09 50.0 50.0 
16328 | 0 | 0.2890
183.5370 +3.355980E-06 +6.722419E-09 50.0 50.0 
16328 | 0 | 0.1220
183.6640 +3.342153E-06 +6.387062E-09 50.0 50.0 
16328 | 0 | 0.1270
183.7900 +3.387106E-06 +2.404816E-09 50.0 50.0 
16328 | 0 | 0.1260
183.9160 +3.369931E-06 +3.997715E-09 50.0 50.0 
16328 | 0 | 0.1260
184.2380 +3.351455E-06 +4.752256E-09 50.0 50.0 
16328 | 0 | 0.3220
184.3610 +3.364693E-06 +6.722411E-09 50.0 50.0 
16328 | 0 | 0.1230
184.4860 +3.323467E-06 +5.842122E-09 50.0 50.0 
16328 | 0 | 0.1250
184.6130 +3.326190E-06 +9.111771E-09 50.0 50.0 
TI0.0 | 0 | 0.1270
185.0300 +3.363604E-06 +6.135554E-09 50.0 50.0 
16328 | 0 | 0.4170
185.1520 +3.361761E-06 +6.638566E-09 50.0 50.0 
16328 | 0 | 0.1220
185.2770 +3.335743E-06 +6.932010E-09 50.0 50.0 
16328 | 0 | 0.1250
185.4040 +3.320537E-06 +6.428980E-09 50.0 50.0 
16328 | 0 | 0.1270
185.5290 +3.340688E-06 +6.345155E-09 50.0 50.0 
TI0.0 | 0 | 0.1250
185.8360 +3.347476E-06 +6.596660E-09 50.0 50.0 
16328 | 0 | 0.3070
185.9570 +3.340142E-06 +3.536607E-09 50.0 50.0 
16328 | 0 | 0.1210
186.0830 +3.309101E-06 +6.345151E-09 50.0 50.0 
16328 | 0 | 0.1260
186.2110 +3.314168E-06 +6.303235E-09 50.0 50.0 
16328 | 0 | 0.1280
186.3360 +3.314165E-06 +6.387077E-09 50.0 50.0 
TI0.0 | 0 | 0.1250
186.6430 +3.298747E-06 +6.135553E-09 50.0 50.0 
16328 | 0 | 0.3070
186.7640 +3.290080E-06 +7.351189E-09 50.0 50.0 
16328 | 0 | 0.1210
186.8900 +3.309725E-06 +6.387070E-09 50.0 50.0 
16328 | 0 | 0.1260
187.0170 +3.302857E-06 +4.039639E-09 50.0 50.0 
16328 | 0 | 0.1270
187.1420 +3.324138E-06 +6.470904E-09 50.0 50.0 
TI0.0 | 0 | 0.1250
187.4480 +3.313874E-06 +3.410860E-09 50.0 50.0 
16328 | 0 | 0.3060
187.5690 +3.321417E-06 +3.578533E-09 50.0 50.0 
16328 | 0 | 0.1210
187.6960 +3.295607E-06 +6.512827E-09 50.0 50.0 
16328 | 0 | 0.1270
187.8220 +3.319070E-06 +6.596659E-09 50.0 50.0 
16328 | 0 | 0.1260
187.9480 +3.312325E-06 +3.830039E-09 50.0 50.0 
TI0.0 | 0 | 0.1260
188.2550 +3.293093E-06 +7.728453E-09 50.0 50.0 
16328 | 0 | 0.3070
188.3760 +3.311862E-06 +6.512818E-09 50.0 50.0 
16328 | 0 | 0.1210
188.5030 +3.350910E-06 +6.932010E-09 50.0 50.0 
16328 | 0 | 0.1270
188.6280 +3.365532E-06 +6.345145E-09 50.0 50.0 
16328 | 0 | 0.1250
188.7540 +3.330886E-06 +6.303233E-09 50.0 50.0 
16328 | 0 | 0.1260
189.0620 +3.317938E-06 +5.297182E-09 50.0 50.0 
16328 | 0 | 0.3080
189.1820 +3.274155E-06 +6.470910E-09 50.0 50.0 
16328 | 0 | 0.1200
189.3090 +3.299714E-06 +6.093639E-09 50.0 50.0 
16328 | 0 | 0.1270
189.4350 +3.327910E-06 +6.638580E-09 50.0 50.0 
TI0.0 | 0 | 0.1260
189.8550 +3.308051E-06 +6.051724E-09 50.0 50.0 
16328 | 0 | 0.4200
189.9750 +3.290998E-06 +5.925960E-09 50.0 50.0 
16328 | 0 | 0.1200
190.1010 +3.297326E-06 +6.387057E-09 50.0 50.0 
16328 | 0 | 0.1260
190.2270 +3.283670E-06 +6.680494E-09 50.0 50.0 
16328 | 0 | 0.1260
190.3530 +3.291208E-06 +3.662365E-09 50.0 50.0 
TI0.0 | 0 | 0.1260
190.6610 +3.269925E-06 +5.842124E-09 50.0 50.0 
16328 | 0 | 0.3080
190.7800 +3.292004E-06 +3.997719E-09 50.0 50.0 
16328 | 0 | 0.1190
190.9060 +3.277465E-06 +6.387062E-09 50.0 50.0 
16328 | 0 | 0.1260
191.0320 +3.281782E-06 +5.800215E-09 50.0 50.0 
16328 | 0 | 0.1260
191.1580 +3.291753E-06 +6.848169E-09 50.0 50.0 
TI0.0 | 0 | 0.1260
191.4670 +3.245585E-06 +5.925965E-09 50.0 50.0 
16328 | 0 | 0.3090
191.5870 +3.281951E-06 +9.153675E-09 50.0 50.0 
16328 | 0 | 0.1200
191.7130 +3.281866E-06 +7.812295E-09 50.0 50.0 
16328 | 0 | 0.1260
191.8390 +3.337754E-06 +7.015845E-09 50.0 50.0 
16328 | 0 | 0.1260
191.9650 +3.315299E-06 +6.135551E-09 50.0 50.0 
TI0.0 | 0 | 0.1260
192.2750 +3.278471E-06 +7.057763E-09 50.0 50.0 
16328 | 0 | 0.3100
192.3930 +3.300928E-06 +7.057763E-09 50.0 50.0 
16328 | 0 | 0.1180
192.5210 +3.280651E-06 +6.973918E-09 50.0 50.0 
16328 | 0 | 0.1280
192.6450 +3.249522E-06 +6.345155E-09 50.0 50.0 
16328 | 0 | 0.1240
